9.216865931841955462e-01 3.122627842503026274e-01 1.270214917039531155e+00
-6.941313510772223472e-01 7.778165110810844052e-01 1.213937107305950391e+00
1.083545441639731877e+00 -1.111514154866058313e+00 3.884915924278537491e-01
-2.916014001338131378e-01 -8.521969383947243237e-01 1.322569151153781153e+00
4.322382470736133575e-01 1.525902992106757283e+00 2.127212128570011851e-01
-1.530902914953132132e+00 -3.582325055616167875e-01 2.974321685696246775e-01
-9.216865884866028980e-01 -3.122628061313140191e-01 -1.270214915069063588e+00
6.941314109036978985e-01 -7.778164214172742508e-01 -1.213937130548137233e+00
2.916013020319112026e-01 8.521969922975277667e-01 -1.322569138051134630e+00
1.530902931206893358e+00 3.582324379041902374e-01 -2.974321663982255060e-01
-1.083545508294584403e+00 1.111514115319217177e+00 -3.884915196677363181e-01
-4.322381630946859343e-01 -1.525903006588091415e+00 -2.127212796194423161e-01
