2.912715679664918955e-01 -5.692291052617063363e-01 7.688557078004287781e-01
7.834492841221533110e-01 -5.067907188496326709e-01 -3.596809509778882696e-01
-4.220999261508424638e-01 -7.652890697875457393e-01 -4.859673775133123153e-01
-7.872832560353432152e-01 -5.413237231589395071e-01 2.952180575637810556e-01
-6.072111284064862780e-01 7.868236533791593823e-01 1.104680226237174934e-01
8.130608622557718990e-01 1.181764726990311987e-01 -5.700582036672358077e-01
-4.286130905320118534e-01 -1.691547238197730618e-01 -8.875119706426803923e-01
4.552304975243708363e-01 -8.492948210564963407e-01 -2.673265812640554517e-01
2.513933551936897159e-01 1.524548595291342623e-01 -9.558027499282534256e-01
1.572370586361859501e-01 -9.809235196327403816e-01 -1.143046631715322198e-01
4.621921197357030109e-01 -2.696250000277408132e-01 8.447963090676108289e-01
-1.738860022696402663e-01 8.110153545435587752e-01 5.585854929276881098e-01
4.763185380685388548e-01 6.767606670133260449e-01 -5.613516276594625598e-01
-1.276643425809863008e-01 -7.126122386120898877e-01 -6.898446296186051541e-01
1.239120547359125885e-01 -9.570633987158211342e-01 2.620600189453659024e-01
-4.999669799484475208e-01 4.621112716880142468e-01 -7.324521769645544467e-01
9.011322672839751080e-01 1.006869806064579070e-01 4.216903707650881405e-01
5.359471641528980035e-01 6.008581119062292863e-01 5.930684333135155528e-01
8.301823101897207735e-01 5.476903849627129395e-01 -1.040796525140891271e-01
-3.944026159750968485e-01 9.053121336506174677e-01 -1.576594975793300102e-01
2.358250463173821587e-01 9.153139998901734797e-01 -3.264763837315896033e-01
-7.304368417994738794e-01 -3.181611729549304046e-01 6.043471586480350100e-01
-7.055244140508611927e-01 -5.613292327232588530e-01 -4.326023505119989676e-01
-3.334827009242102153e-02 9.972859405102564301e-01 -6.564027530728509807e-02
-7.190861346652751562e-01 6.596029756276919898e-01 -2.187213877864905565e-01
-2.105753424761365733e-01 -1.181378573690845674e-01 9.704130418524370416e-01
1.740711967897957402e-01 7.456708312147081186e-01 6.431751160638404796e-01
7.918025494932526831e-01 4.846144370785524513e-01 3.717493375798036070e-01
-3.812102122886013578e-01 5.628096182200371667e-01 7.334330969392474087e-01
-8.215766847185616839e-02 -2.500416254970514243e-02 -9.963056305002279123e-01
-4.189946172249432443e-01 -3.963305020613730467e-01 8.169245031655638645e-01
9.952231296632521040e-01 -5.878360339910885385e-02 7.794491743980389020e-02
-4.799437592648860273e-01 7.321176497455550436e-01 -4.833815624056568838e-01
-9.979868608657717077e-01 -1.308057110124089678e-02 -6.205742662202591575e-02
-4.660245826704649263e-01 -8.714837244832741581e-01 -1.527651999232139679e-01
9.454594584110995736e-01 -1.623290111189455986e-01 -2.824105250342758833e-01
9.475401992594466583e-01 2.980902493978210832e-01 1.153679938341341110e-01
-1.861652297374479237e-01 -9.814675149357358075e-01 4.543153489234718484e-02
1.963232442386466936e-01 -5.805071645121836488e-01 -7.902332666508271597e-01
1.812418644074410834e-01 -8.394851927246783641e-01 -5.122655539679830117e-01
5.519422029857922185e-01 -1.269566568368934480e-02 -8.337857186568011780e-01
-2.168144525909181664e-01 -6.800750890489708489e-01 7.003494602002166003e-01
9.273243240305426016e-02 -8.044863073300144718e-01 5.866877170174356060e-01
1.240845935084405882e-01 7.625264790964805250e-01 -6.349459680402496087e-01
8.852592264106999842e-01 -2.810573053794171439e-01 3.705710365740821910e-01
6.603317701592181788e-01 7.362410682997080347e-01 1.480237908827431170e-01
2.185661315096232016e-01 -2.247615096942460478e-01 -9.495847039189718730e-01
7.303516868400297679e-02 1.948065984354104274e-01 9.781187317198889453e-01
-2.398739961783506736e-01 -8.869969521014556824e-01 3.945844306611153152e-01
1.553535296639780572e-01 -1.556958601808910714e-01 9.755122141436650685e-01
9.136506547300231595e-01 -4.064337357113636529e-01 7.355242151368263093e-03
-5.398067203329036667e-01 -6.450266107096529478e-01 5.408783376692508638e-01
9.498801677773968111e-01 1.992708266712858167e-01 -2.408709291320288437e-01
-7.171881685214731572e-01 -2.420560962796152182e-01 -6.534906098687941478e-01
3.378358764017498350e-01 9.409529415027283461e-01 2.178261906256308278e-02
-5.342533197198250372e-01 7.162976912985929978e-01 4.488774975521181987e-01
-2.754272442591949518e-02 -4.514966568582760020e-01 8.918476143248902366e-01
-1.954599305945272925e-01 6.497809963041484282e-01 -7.345611427062901377e-01
5.771472342780542553e-01 7.840650294824109690e-01 -2.283486358793035409e-01
-5.412675767768750923e-01 -8.159676728506453092e-01 2.030422793232772583e-01
6.813085112262523557e-01 2.739587392542118804e-01 6.787969664906512435e-01
-6.031873190094120263e-01 2.894104226209044395e-01 7.432406511114871828e-01
7.675804253555801315e-01 -2.379758922670688892e-01 -5.951367618544824989e-01
5.169971677512471553e-01 -6.495101573126080829e-01 -5.575396704136307280e-01
-6.804392957225952054e-01 1.132602980839833018e-01 -7.239989431722023694e-01
7.582380562948203284e-01 4.728050400348540183e-01 -4.489214230841439557e-01
4.033949884955930210e-01 8.376839275761027714e-01 3.681821841660932182e-01
-7.636251714414244995e-01 4.192362360127647736e-01 -4.910372449773076631e-01
-6.826891362288432796e-02 3.709447661868453539e-01 -9.261421790801548370e-01
-8.983929505894673317e-01 6.964495900593131728e-02 -4.336354298442562927e-01
5.009096339716697655e-01 -3.753985243288866513e-01 -7.798496563608027232e-01
-1.259645031872233256e-01 -9.318610872077787155e-01 -3.402467605793367267e-01
-3.694622611687428115e-01 1.871736101591787438e-01 -9.101998007207314778e-01
5.666779477761462180e-01 3.430205644461600811e-01 -7.491415059060957393e-01
7.094888131021197530e-01 -7.008355510688559775e-01 -7.385901733003291669e-02
-2.873863120200941257e-01 9.329540863010481466e-01 2.168081652467579168e-01
-8.225875870164834902e-01 5.398681425274707429e-02 5.660698592693650388e-01
6.440135181226419592e-01 -4.745738175134093795e-01 6.000218997720390135e-01
7.325947644068607767e-01 -1.011326654524534602e-01 6.731100171161755741e-01
3.263201244143326130e-01 4.390175153603625979e-01 8.371253177446184024e-01
-2.872749283189501290e-01 2.352098614472742932e-01 9.285200248983842553e-01
-7.466099049400671817e-01 -6.595262733951593459e-01 -8.717077805593666240e-02
2.518810173039683353e-01 4.980708962197437084e-01 -8.297477541161405457e-01
-7.661931320968778936e-01 4.400031851897942548e-01 4.683431235220731903e-01
-9.293243529292100069e-01 3.318051754950053778e-01 -1.620542272433323772e-01
4.544188598184955574e-01 -8.821171710667082833e-01 1.239870813856271820e-01
-9.001048911565568966e-01 -2.770647730793008301e-01 -3.362235810209605602e-01
-4.516848873349856297e-01 -5.003161993284575004e-01 -7.386910472198160438e-01
-9.528153202162470414e-01 1.907988492205939246e-01 2.360905857871248570e-01
-1.428612330214471260e-01 8.959084825217227266e-01 -4.206407719720186567e-01
-5.567660948847388269e-01 -5.957395475657076972e-02 8.285303008951815373e-01
-8.416007102194698053e-01 5.244610950893006107e-01 1.290302456628510952e-01
7.326025788088865731e-01 -6.209766686167568217e-01 2.787139009023480996e-01
-4.097356751000891251e-02 5.309418712067839330e-01 8.464170934976098515e-01
-1.214741146671489830e-01 -3.980674620272383057e-01 -9.092779196378989459e-01
4.391257460644617527e-01 -7.664346514890195694e-01 4.687712706003164254e-01
4.439947536640629910e-01 9.697598693583017737e-02 8.907661402840868492e-01
6.606110057077679842e-02 9.510390085890806366e-01 3.019283609290060455e-01
-9.288352610288421740e-01 -3.704851076846501501e-01 2.417199490262669954e-03
-9.336198873544482302e-01 -1.796431666854433895e-01 3.099713512560370865e-01
