-2.290672088053702926e-01 8.922728114603890592e-01 3.890725430799377715e-01
8.693430503679584476e-01 1.632943014982059515e-01 4.664521753354209377e-01
-9.727233064199029000e-01 -3.869605235993346746e-03 2.319361879975818941e-01
-4.397279107596473446e-01 -8.725668371653161337e-01 2.127592046851848329e-01
2.369461914342136100e-01 -5.881862826608970363e-02 9.697406206474576962e-01
-7.736702240023882737e-01 3.378231068222277145e-01 5.360129970337214056e-01
6.617910466138712255e-01 6.711713098740931249e-01 3.340085080108154969e-01
-8.040341409803212214e-01 -5.312834741805441130e-01 2.669587425065683139e-01
6.996200970105982408e-01 1.104937435118166500e-01 7.059198626640466046e-01
5.238210356951533697e-01 -1.221710773328755495e-01 8.430217971242388586e-01
-7.617153212411174046e-01 5.639696262447881914e-01 3.189483187913919049e-01
7.600603372187108020e-01 -6.130455035456993107e-01 2.156003116170743250e-01
2.322108197244709682e-01 -9.316658593193748450e-01 2.794223716554922743e-01
-4.985871413983343214e-01 -3.695877459624730688e-01 7.841018814329014930e-01
5.847492322852314572e-01 -3.971304800359776732e-01 7.073582664875180948e-01
5.075148677052614410e-01 6.250954260706234056e-01 5.930298199616076404e-01
-5.903157642073588729e-01 5.493139963941204851e-01 5.914232256969640389e-01
6.129051079353270426e-01 -6.168184761112089909e-01 4.938444048428931032e-01
-3.538589463652948991e-02 -9.208461229622141309e-01 3.883172109065363697e-01
-8.610848157309021200e-01 5.071467923939396716e-01 3.653862452551706608e-02
-7.356442674881292776e-01 -1.764598955401549540e-01 6.539796762727503321e-01
1.527366831940148995e-01 2.523004730250887340e-01 9.555186952217143981e-01
7.521126196526419783e-01 4.249213827639173879e-01 5.037543308292653510e-01
7.556236444534785157e-01 -1.601869593634008271e-01 6.351165609498395925e-01
-4.357904127492640556e-01 -6.218503879536768642e-01 6.506833416937057857e-01
-6.951450400449842304e-01 -4.575122254765168761e-01 5.544870934840432364e-01
9.180322904906107473e-01 -3.573257280000452507e-01 1.718576088679244496e-01
-6.719537614790024316e-01 1.371721052411834507e-01 7.277787823081418583e-01
-3.939899815978299413e-01 9.098789751644096313e-01 1.299697847744052115e-01
-5.524479165391888574e-02 2.286510992653057600e-02 9.982109996103843974e-01
3.605831798491632711e-01 -5.966291145024624765e-01 7.169473273106424793e-01
-3.625757410703167594e-01 7.236635389849958022e-01 5.872392309195823001e-01
-3.517241349113008342e-01 1.273674289254390080e-01 9.273983345735642425e-01
3.673067187616985835e-02 5.441382814425625991e-01 8.381911407383519919e-01
8.257115706662078447e-02 8.975332616956200882e-01 4.331466820497428261e-01
5.388990636930794942e-01 8.331692684485353384e-01 1.241642833654463263e-01
-8.809780622767107161e-01 -2.544470922660749257e-01 3.989164461695101083e-01
-5.394608418281066076e-01 7.659695725932971211e-01 3.496750119687599967e-01
8.336119625021552737e-02 -5.537050032311227055e-01 8.285298306980597438e-01
-1.482165270042973271e-01 -7.111862132685525806e-01 6.872015942789431175e-01
-5.263717820432837202e-01 -8.511916346657026622e-02 8.459831411318603500e-01
-6.874649749640689145e-02 9.842668415237082469e-01 1.627657941919001261e-01
3.196196620414387679e-01 4.730037762035195215e-01 8.210424467308174989e-01
2.345944411461137469e-01 9.558914361318731068e-01 1.767399516608738064e-01
2.290999485312944506e-01 7.227009472293636216e-01 6.520863090548204566e-01
5.347313971152861667e-01 -8.113840125925514402e-01 2.360472771466438080e-01
-5.927571251026215737e-01 -6.986177911441505683e-01 4.007145773951119594e-01
-6.645416450208186943e-01 7.437030223038616494e-01 7.273387552665075417e-02
-1.829764182427622010e-01 -9.738523559158136500e-01 1.346522158906760525e-01
5.768332831401385974e-01 3.687095904557072812e-01 7.289146735851553816e-01
9.617478911386809770e-01 2.015716987887554157e-01 1.854989060283517843e-01
7.999586857202469758e-01 -3.966014476684283641e-01 4.503036673712998983e-01
3.192142064255497069e-01 -3.444469673490954120e-01 8.828695130652761680e-01
7.600329066538342726e-01 6.497295651216586920e-01 1.419411885762228431e-02
-3.000249462881928175e-01 -8.330591643861505746e-01 4.647552691869299979e-01
3.895825078775068118e-01 8.289903184097746625e-01 4.012487028499066577e-01
-2.169444866085077084e-01 -4.710355577348895872e-01 8.550208144130485577e-01
-2.640788134386539698e-01 -1.887749549996257104e-01 9.458469203088426536e-01
-2.727260351956815043e-01 5.414055985805716897e-01 7.952989925506361857e-01
-6.651399960385515620e-01 -7.424885071587029595e-01 7.937003469242379095e-02
-8.655817053376307912e-01 5.123788087433392424e-02 4.981395295981906335e-01
-9.152639733175839121e-01 2.954343481901195445e-01 2.738802750407342557e-01
3.759145437844642612e-01 -7.880465744730469346e-01 4.875149764187915458e-01
4.308109413028498036e-01 1.615241583516785484e-01 8.878692916879908914e-01
-7.267894159754191563e-02 7.570906148292001481e-01 6.492546283129639884e-01
8.561210683343141170e-01 4.629313431360296271e-01 2.296764852926488354e-01
9.909017509534133739e-01 -7.423182853479286247e-02 1.122646675933303140e-01
9.139110479025671641e-01 -1.119814319977140704e-01 3.901624730921378070e-01
-4.929406647334468872e-01 3.540866909958914621e-01 7.947528649282918911e-01
-9.437431088579484317e-01 -3.117461163535324431e-01 1.102873674616646482e-01
-1.402319568951095885e-01 3.186465738018662286e-01 9.374429898770910707e-01
2.498031629340066728e-02 -2.842964987095935592e-01 9.584109163711292956e-01
1.153518006350716107e-01 -7.859411686124347929e-01 6.074458342686752665e-01
4.487282375809737989e-01 5.145729858488226061e-01 -7.306556035726412546e-01
-9.296425472242335619e-01 -2.973989647849824003e-01 -2.175283662772727333e-01
6.483497702403432372e-01 -7.602396807667585188e-01 -4.096587869131283061e-02
3.639269963321898893e-01 9.270157738477420306e-01 -9.054775744380662295e-02
6.592097165117540847e-01 -4.688098829443325677e-01 -5.879284338337568139e-01
8.512265235893099469e-01 -5.197762743164452415e-01 -7.242948429868491245e-02
3.538590035279166879e-02 9.208461238183465181e-01 -3.883172083554228826e-01
7.790179515993104209e-01 -1.986592919264575652e-01 -5.946978365668510458e-01
-1.621712560757870014e-01 -4.978159410828749132e-01 -8.519857818687897044e-01
2.251213465182964613e-01 -8.250139850872418856e-01 -5.183360915007342307e-01
3.285086872621380549e-01 8.693143390233390999e-01 -3.692893477501374422e-01
-7.355965708359439859e-01 6.435406900190112633e-01 -2.115492029393046813e-01
-7.161767844344932854e-01 4.915368813451210239e-01 -4.954617116534656973e-01
-3.651253104353102685e-01 -8.502963634026180495e-01 -3.790509227845266227e-01
-1.765687097793982308e-01 5.541103701362433132e-01 -8.135018060424414887e-01
8.261178206376702804e-02 -9.960441704262381624e-01 3.273078098909084493e-02
2.854700684130325739e-01 -2.097678266152840920e-01 -9.351493458038446782e-01
-8.361770209104747442e-01 -5.459072403746362268e-01 -5.285143903275001109e-02
-2.139921450147538318e-01 9.713661517913143584e-01 -1.032238394273233412e-01
-2.668363289013970796e-01 -7.190114786650922962e-01 -6.417327069164100450e-01
-2.608840572570548244e-01 8.904791881269548126e-01 -3.728086964944045123e-01
-3.577588644065791273e-02 3.202186436011230652e-01 -9.466678964872751179e-01
-3.456087028382860415e-01 3.153386626546527127e-01 -8.838077575794480722e-01
9.863000098607601629e-01 1.046609124003669566e-01 -1.275083682123929751e-01
1.348842213483349151e-01 -4.578103943972798295e-01 -8.787581519468599112e-01
7.043294872661032269e-01 -6.384436289837626122e-01 -3.103380511273343689e-01
-6.978429934451124694e-02 -8.816361905749012795e-01 -4.667416619861269322e-01
-7.816249018283589756e-01 -5.164430632603574933e-01 -3.497843267673191869e-01
-5.713918989717393648e-01 -2.271084113778626679e-01 -7.886273310448308482e-01
1.282458251259885607e-01 5.640823058432590242e-01 -8.156985721283975810e-01
5.573831412216200265e-01 6.740601328459757680e-01 -4.847339179277483923e-01
8.909749516151674875e-01 2.706833145784211525e-01 -3.645465385971863315e-01
5.784183049809066279e-01 2.478193589584627154e-01 -7.771858399304710785e-01
4.929406602338148313e-01 -3.540866959526957625e-01 -7.947528655107536366e-01
-1.993484140124460735e-01 5.152241815652960216e-02 -9.785732728099751920e-01
-6.286053462320909668e-01 -7.441359601044017502e-01 -2.260906711209759723e-01
2.795968961797448138e-01 7.358642285083875079e-01 -6.167085315190709016e-01
-7.363811205852804909e-01 -1.554097706206955531e-02 -6.763884411176190881e-01
2.759504539954933389e-01 3.277684605115741001e-01 -9.035591752804869037e-01
-5.536389429982518928e-01 -6.537794635457171433e-01 -5.158064887548944322e-01
9.246985394588399521e-01 -4.991888236115641503e-02 -3.774131904246343372e-01
3.926903818889634357e-01 6.000892186945349510e-02 -9.177108440396496425e-01
7.877962932983652022e-01 1.147347495137236162e-01 -6.051553003315588430e-01
-8.693430505442701905e-01 -1.632942979986381216e-01 -4.664521762319417397e-01
-6.255727073897935364e-01 2.713373870104707763e-01 -7.314607372780400629e-01
-9.735050786056659300e-01 2.283012047909611097e-01 -1.290045813031686674e-02
2.916381596618719887e-02 -7.015694912698603458e-01 -7.120040173746493561e-01
-1.306426963230842252e-02 7.742496008019927878e-01 -6.327455100725168924e-01
-4.182655150070073158e-01 -9.044366906288372476e-01 -8.395374679119343986e-02
-4.436058774006237937e-01 -4.944862731547278178e-01 -7.474604679828699139e-01
8.530633513073019314e-01 -3.770025455427194472e-01 -3.607658510871902813e-01
-4.818040522437130879e-01 4.397642219186728013e-02 -8.751747994159453370e-01
4.517038960045590690e-01 -8.504535308439330477e-01 -2.696152484734311572e-01
1.622062325608469580e-01 -9.534164093773098703e-01 -2.543349925757261154e-01
-8.871401355402613875e-01 3.831486592575272798e-01 -2.572537362659020332e-01
3.336571550258227159e-01 -5.975238380684689821e-01 -7.291352178025694020e-01
-4.987374054487911934e-01 8.520759870451293239e-01 -1.588317119069002636e-01
-5.388220361198415853e-01 7.246607786489558389e-01 -4.295783622106185695e-01
1.039937161589927078e-01 5.781290624937415745e-02 -9.928962558447101960e-01
-1.420069251906942998e-01 -9.724311179782038073e-01 -1.849641964963641694e-01
-3.001136221361730971e-01 7.335976439337174027e-01 -6.097264227694296768e-01
6.083827394659351295e-01 -7.915759726917127870e-02 -7.896863409699420577e-01
-4.866641695119118816e-01 5.261377226816045249e-01 -6.973787227071787109e-01
-3.105574256485519880e-01 -2.371772719991697698e-01 -9.204895583446756069e-01
7.815076795613791205e-01 5.512026426093490361e-01 -2.922693852716343188e-01
-9.513008112922048953e-01 7.029230556696071386e-02 -3.001428963225248325e-01
8.087840152850835074e-02 9.904754235734196666e-01 -1.114321294028277204e-01
9.636610607389483052e-01 -2.319569000235825185e-01 -1.324890808592717739e-01
7.093456278707007678e-01 4.222296633707269820e-01 -5.644031286151451887e-01
4.962571353559361853e-01 -6.985533038539736284e-01 -5.155115297284997844e-01
3.762910891994159512e-01 -9.264987621230678094e-01 2.249438494497906036e-03
-2.421232869465794052e-02 -2.183736213273248516e-01 -9.755648233959504090e-01
5.965043817429013240e-01 7.764050315588152396e-01 -2.034152146022379093e-01
-9.963431420933355209e-01 -6.736934697574294140e-02 -5.255201510542984594e-02
9.169580458139281465e-01 3.928018849607388674e-01 -6.996157079706556703e-02
-7.100671780797600530e-01 -3.823577442519875969e-01 -5.912758730274539909e-01
-8.301198054894589617e-01 2.136986864206169290e-01 -5.150087183303266869e-01
