2.806790605669822747e-01 8.453254935028230443e-01 -4.545812083593478992e-01
-7.489856827616455659e-01 -2.708274925127631683e-01 6.047089517423408500e-01
-2.109642341801162835e-01 4.325282597671065710e-01 8.765919212493551438e-01
5.863715610901034658e-01 -7.361634299854042940e-01 3.379819472943481062e-01
-6.882601146639775180e-01 5.182386162473324731e-01 5.076679536791529612e-01
-1.766616241461808068e-01 -9.275356069700163575e-01 3.293453633449193729e-01
-9.004020343879584054e-01 3.910028247465369700e-01 1.907694092622151671e-01
-6.805711815070314419e-01 -9.788156729511825194e-02 -7.261143612999088059e-01
-7.385699873663722492e-01 5.882817233789094935e-01 -3.293007556929939406e-01
4.875470546342175471e-01 8.633162456061326262e-01 -1.303185696285491801e-01
-4.715674693309157006e-01 4.313723368856424711e-01 -7.691176950497599085e-01
7.474447262287519100e-01 4.068523101586872803e-01 -5.251643351860112441e-01
3.107046700012032758e-01 8.622365243792748934e-01 4.000134798551063242e-01
2.693912288307991898e-01 6.752821782415964202e-01 -6.866020285276739354e-01
3.847058359027673569e-01 1.238286366309527681e-01 -9.146955168647502576e-01
-3.033924900772092537e-01 -7.828527370610681713e-01 5.432260938511188630e-01
-6.722827341162390669e-01 2.537412036493916778e-01 6.954504489751603957e-01
4.316503025445571629e-01 -8.922989693071949890e-01 -1.322140903478509488e-01
-2.495284507246151584e-01 6.395068783496272724e-01 -7.271633274736071240e-01
-9.819872753377706376e-01 1.848183905905242119e-01 -3.928299344792661463e-02
-4.404725490768401919e-01 -1.475649368659777139e-01 -8.855554883334475491e-01
9.702681622332530731e-01 -3.527879636683700377e-03 2.420067094561108023e-01
-2.281769440033716012e-01 -6.820859635449741942e-01 -6.947618444907623925e-01
-7.328719072811396007e-01 -6.576246557687951411e-01 1.744378962355328799e-01
9.879004671686815175e-01 1.524747130689005636e-01 -2.835716562806026020e-02
-5.985058125459051803e-01 -8.003039470568923397e-01 -3.611626605734263862e-02
2.781351127381634925e-01 9.543854509544299480e-01 1.085784051671348643e-01
-1.323371681337220940e-02 9.997130266687820344e-01 -1.996830108062476114e-02
-6.264728575171083502e-01 -3.068315327448764215e-02 7.788390738140217318e-01
7.648828732478218928e-01 5.744433995331259535e-01 -2.914943754945908960e-01
1.359469909259240772e-01 -3.574834361572971908e-02 -9.900709427040662591e-01
6.094937671091077425e-01 -3.211240562965750334e-01 -7.248425265688974717e-01
-8.000128849025097688e-01 -4.662572070994731588e-01 3.776024375156531443e-01
4.862761615367486856e-01 -1.201805135189383394e-01 8.655010912132984346e-01
2.854200469070650170e-01 -7.526929479562526337e-01 -5.932863751347193793e-01
-8.505263766131807568e-01 -2.120326745369968124e-01 -4.812972341640265883e-01
8.557275931228568444e-01 -1.845036102986362114e-01 4.834135953352277082e-01
3.755730544831534928e-02 5.513439032723669309e-01 -8.334322702726675303e-01
-4.315778195259287742e-01 2.028008601032515457e-01 8.789837295619449264e-01
-3.658573600962585215e-01 -5.712369300826551921e-01 7.347358448947077791e-01
-8.360274472394703116e-01 5.168220897430801826e-03 5.486632819453203247e-01
3.232759997235118421e-01 4.335540941569370754e-01 8.411441466493847496e-01
4.368626286239087331e-01 1.682140179072049990e-01 8.836600522210581454e-01
6.426695844485298403e-01 -7.658973473223648076e-01 1.941799653205432408e-02
-7.579490278720895091e-01 -5.064809333250095413e-01 -4.110843408912358554e-01
-5.412142069592923432e-01 -7.534355457672818890e-01 3.733926359206651280e-01
-8.761104493457767539e-01 4.749516496626950413e-01 -8.277325069021791715e-02
3.946581674102366266e-01 -9.031914467661718016e-01 1.687902289376462805e-01
1.585908726679167990e-01 -9.862636193734828360e-01 -4.618450180251429393e-02
-4.071852853586024334e-01 -4.277413379257347659e-01 -8.069928693718029233e-01
3.381275337252252766e-02 9.558581417389737656e-01 2.918765331106371042e-01
8.896991126041988718e-01 -4.530060128279736475e-01 -5.675421898857117148e-02
3.860262898219891659e-01 -4.316313838036754391e-01 8.152778986836292097e-01
-1.615771370836684706e-01 -1.855948901091680758e-01 -9.692509301193428239e-01
-3.526170856321180214e-01 -9.219742303729431265e-01 -1.600771984029293604e-01
-2.564426260993492579e-01 9.472490585028645604e-01 -1.922404761872641143e-01
-5.807253481798617667e-01 -7.464872051510059725e-01 -3.248306058967016519e-01
-8.432115581780956770e-01 9.198430502876704662e-02 -5.296538074848916589e-01
7.931049037402607693e-01 -5.810568914103222404e-01 1.826403586497916953e-01
-9.247253362189628012e-01 -3.186334377029513276e-01 -2.082205199597914891e-01
-8.434993530364870429e-02 -6.596822937944674115e-01 7.467960629705677755e-01
7.528960433001417041e-01 -4.757306229291042854e-01 4.547833796330708611e-01
-4.086606610950182517e-01 -8.987845940980919712e-01 1.586906345229948112e-01
6.334082959272340219e-01 -1.882759076113361615e-02 -7.735886842997955481e-01
-9.641776653814966291e-01 8.524157270930772523e-02 2.511877860516519290e-01
9.102609015093606759e-01 2.931743794503533507e-01 -2.923591531272216049e-01
1.767750587468946144e-01 7.532134293685517623e-02 9.813650054404938761e-01
-4.772670163813394484e-01 8.786933486049987030e-01 -1.068616824631088251e-02
-5.230852157075448483e-01 6.413876413330829029e-01 -5.612519493537424520e-01
-1.283907767657957721e-01 -9.910592744481513394e-01 3.629494416278490621e-02
-8.985856019487423740e-01 2.975052508398643991e-01 -3.225438601076228706e-01
-9.636535407286496158e-01 -1.404258943877297224e-02 -2.667857925808475028e-01
-2.152162555401870014e-01 6.831740640871248882e-01 6.978217261664628746e-01
-3.558867134142467813e-03 7.841824735265703339e-01 -6.205200904712685483e-01
6.844069758599519160e-02 3.387148847575692234e-01 9.383965567699025234e-01
-9.922637740934773243e-01 -1.216659529464094031e-01 2.469814801580876712e-02
5.219277390386524162e-01 -7.662479746467227848e-01 -3.747739006011436280e-01
8.121433835067597418e-01 -1.724352525777897993e-01 -5.573950199765207447e-01
-4.717567994250022045e-01 4.804324408842059468e-01 7.393444339023065304e-01
7.320091779068760296e-02 -4.535643582828346454e-01 8.882122485814307744e-01
-7.058654220562878834e-01 7.073609533485739620e-01 -3.734283898011925978e-02
2.283974668357134363e-01 -2.108825937150623775e-01 9.504541697583513971e-01
3.993892721689452086e-01 -1.834225115776501325e-01 -8.982451733924914361e-01
5.466543144380998642e-01 7.409766655197792540e-01 -3.900290266908351677e-01
-6.037466654066515614e-01 -5.512480630863136888e-01 5.758606923153691826e-01
7.729027186765619062e-01 5.910685716534230805e-01 2.307798324506756815e-01
-3.071658039938376383e-01 -8.411108896041755711e-01 -4.451759654856622950e-01
-7.384839509270073599e-01 6.289573689801640777e-01 2.430104570358797011e-01
-2.192111080986658134e-01 -3.768588237218633563e-01 8.999577307124644321e-01
-3.599031156249525298e-01 -9.344866027559024790e-02 9.282979560766841942e-01
-7.257739610534932329e-01 4.024746722499312201e-01 -5.579124444337417721e-01
4.225446933098372243e-02 8.212785877359648490e-01 5.689604917285345786e-01
8.619082321192964580e-01 1.325490267413278189e-01 4.894332997609740499e-01
5.317628961492902873e-01 -5.898076643387530904e-01 -6.077459513367274857e-01
-5.184807279353863541e-01 -3.171089580704834487e-01 7.941156360827080762e-01
9.881575593440189431e-01 -1.498001035470250819e-01 -3.323502502740429548e-02
2.218747568365002087e-01 -9.107523202530165563e-01 -3.482840843801089381e-01
5.702996415711256706e-01 6.912693181992207725e-01 4.437398433093767136e-01
9.222919493373727962e-01 3.053473277654653595e-01 2.369400126908882964e-01
-2.463018565186831377e-01 9.564992760439990915e-01 1.563474668894759556e-01
5.120773618427593155e-01 -6.130878966629970117e-01 6.015812550715837759e-01
-4.083803042980745368e-01 1.414548344353306897e-01 -9.017849282818410916e-01
2.247990814056042286e-01 -6.683281149925770492e-01 7.090859635542543504e-01
-5.758329943701654546e-02 -1.461004436700041598e-01 9.875924381977491118e-01
2.235118785421305876e-01 9.560097028109968420e-01 -1.899681243835323885e-01
7.375314972844934092e-01 -6.368970298537475205e-01 -2.245205199458790435e-01
5.727769901880417486e-02 6.055316521203178981e-01 7.937573202658035898e-01
-4.678894261852691860e-01 7.042634803526567344e-01 5.339404789914158345e-01
-9.227427753433515845e-01 -1.977728470179159204e-01 3.308045820935324732e-01
7.496652287844377538e-01 -4.704164666897755476e-01 -4.655216349630636463e-01
6.597724382573109114e-01 2.430518532306721324e-01 7.110739246781156986e-01
-6.798096694582490829e-02 -9.606982166661771627e-01 -2.691422014986450950e-01
1.077915118117273446e-01 2.776108296827285993e-01 -9.546272661223380585e-01
-9.097163504338933171e-01 -4.048916954462787876e-01 9.208081619900833348e-02
-1.569612198903355682e-02 9.320755783131715599e-01 -3.619236771291319821e-01
3.196939639442038517e-01 -8.270705243238183346e-01 4.623311769850335096e-01
-7.982784795333275341e-01 -5.883897049546099600e-01 -1.286430107599547956e-01
5.316501380242192321e-01 5.702776198049909206e-01 -6.262040937972083166e-01
7.120587944091650856e-01 -3.916235079050661705e-02 7.010268066095103334e-01
-8.462566739866296261e-01 2.825102822591950558e-01 4.517051938498350960e-01
1.262470339222953597e-01 -3.288278239241154144e-01 -9.359134300987210775e-01
6.423995394525928715e-01 -3.345314978606245826e-01 6.895009127261714221e-01
-2.001973812321776736e-01 3.839800055717382810e-01 -9.013769266344163755e-01
5.449713851302518952e-01 5.041432364309580416e-01 6.699595409800012114e-01
-5.059889150736042174e-01 -6.326029318690660208e-01 -5.863350138046496962e-01
-1.343385214997166177e-01 1.001208939895575772e-01 -9.858645790513024254e-01
5.966640330838873796e-01 2.783599754810978655e-01 -7.526670948528521032e-01
-6.446826784156657331e-01 1.871137784711444929e-01 -7.411967876731893057e-01
5.398049826209614377e-01 8.221621561385348276e-01 1.807206954148282141e-01
9.083648343012832305e-01 -2.951794286513459986e-01 -2.962134917688039049e-01
2.486220657575053186e-02 -8.425677256362419376e-01 5.380162622080817414e-01
1.145412408231960139e-01 -9.595425003600831504e-01 2.572129354317208016e-01
3.425384955523698705e-01 -4.824503014358927366e-01 -8.061693902084940966e-01
-6.524484213585536319e-01 -3.755849155376315140e-01 -6.582150322556613586e-01
-1.169148764603192454e-02 -8.375365087059523095e-01 -5.462562637638741503e-01
-2.304107745362888870e-01 8.675123095316751298e-01 4.408324713409919049e-01
9.506308163902003061e-01 1.097507781784055550e-04 -3.103240868577046285e-01
-1.516751414100398765e-01 1.369423932923990450e-01 9.788980704841511171e-01
-5.234758177093420395e-01 7.981498809526893501e-01 -2.982110591657249343e-01
7.688566374055429975e-01 4.260576896407431424e-01 4.767958852752754439e-01
-2.838914583580881001e-01 8.273055647785015898e-01 -4.847382204425829122e-01
-5.125824720423982628e-01 8.144038685866928917e-01 2.720396077521303191e-01
3.420297486815761512e-01 4.233489866436983551e-01 -8.389226940097468388e-01
8.929061477115108891e-01 4.494333002835385060e-01 -2.698740401068795702e-02
3.114299771476866652e-01 6.943506907062436673e-01 6.487591908016052678e-01
-1.312729409454680973e-01 -4.612720982219938870e-01 -8.774938554641887878e-01
8.175035039119066260e-01 1.229268908513792002e-01 -5.626517578372687289e-01
7.114487032093478325e-01 7.016310556162269618e-01 -3.942847317100199589e-02
8.223080983076487549e-02 -6.326009192941476345e-01 -7.701001044168062082e-01
9.247096430427790281e-01 -3.084083061940839365e-01 2.231510536255486010e-01
