-6.070781080927249024e-02 9.913769888002402775e-01 1.161302190823483432e-01
-8.014479494595581066e-01 -2.730439293535708578e-01 -5.320979204528351048e-01
-4.079026609988652408e-01 -1.766396612913557762e-01 -8.957755573852862474e-01
6.604844545410972767e-01 -1.685617598253068561e-01 -7.316742570530582190e-01
7.214311449646224617e-01 -6.231155013820841582e-01 3.020996110761943187e-01
1.292533845489595157e-01 9.843443549248027669e-01 -1.198321889573610022e-01
5.178971649565083935e-01 -1.688865786416132442e-01 8.386058967624431260e-01
-1.694276455452565777e-01 9.751987204636760609e-01 -1.424139337670306815e-01
-3.476465808094726939e-01 -9.007512742799139716e-01 2.603632015754029361e-01
8.094028724566211253e-01 3.363847834414611104e-01 -4.813650044695937935e-01
6.222975540496381575e-01 -5.773794861640692000e-01 5.285628469546010955e-01
8.946337270565105637e-01 1.141843391588810708e-01 4.319634603804201611e-01
9.057839577637420980e-01 -4.620122281651329460e-02 -4.212135668139269096e-01
-1.273449680974616527e-01 -3.106052902007525041e-01 -9.419700700126106829e-01
7.997599334986026376e-01 6.941171559260023161e-02 -5.962936042829929395e-01
-9.827915811217021735e-01 -1.358395467837958948e-01 1.251731824548601713e-01
-9.870167840158797778e-01 1.506951039918729418e-01 5.557745679525986915e-02
-2.842628943144376308e-01 -8.147141425048519681e-01 -5.054062454289250939e-01
-9.033028255900372727e-01 -3.563994019039639083e-01 2.387958785313342436e-01
-4.394296848503914665e-02 1.474043573037390753e-01 -9.880996766362158956e-01
-4.577946966622715719e-01 8.286278196141285690e-01 3.221799997973710528e-01
-8.671182855342993157e-02 -9.667073347936162575e-01 -2.407446523708135777e-01
3.359427209782077650e-01 8.544548646060652342e-01 -3.962945527922242528e-01
1.802969903539873020e-01 1.878862183577412748e-01 -9.655007841635974142e-01
-2.364228047553252887e-01 -5.116359244161793329e-01 -8.260344655269700187e-01
2.009462514627405327e-01 5.577667182023036130e-01 8.053054650807388581e-01
-7.807837899248784019e-01 -5.963027688751370015e-01 1.865467266461369178e-01
-5.260564402617713409e-01 4.778114388086552311e-01 -7.035345411582264452e-01
6.744583913604523806e-02 4.740964337485454871e-01 -8.778858868270669191e-01
-5.441543943894933122e-01 -8.292458960997635131e-01 -1.274646573301955743e-01
-9.562324718559740422e-01 6.533722757549288718e-02 2.852201017827500351e-01
-3.069098935047265830e-01 1.155465269109975934e-01 -9.446985325423785662e-01
4.012114958809062104e-01 -6.248634846276156507e-01 -6.697573897703851253e-01
1.763065515277201928e-02 -6.482792336134743372e-02 9.977406979528997688e-01
7.730257714922396106e-01 -8.766050969589551933e-02 6.282887804574290858e-01
6.443372251302947884e-01 4.985781741437390890e-02 7.631144988493316905e-01
9.607984846518553557e-01 2.765515884706831740e-01 -1.963391975741742707e-02
5.820886875799455851e-01 7.095517855117067230e-01 -3.971259541614037269e-01
-3.242546814734649785e-01 -4.715834768094047114e-01 8.200414172118962730e-01
-3.074260928809334770e-01 7.000296153963820878e-01 -6.445523523996768978e-01
4.667878271722616379e-01 -8.469533193606386678e-01 -2.545175813726720526e-01
9.552575933537315045e-01 -4.886646088311730890e-02 2.917104717708907669e-01
6.607014657077016073e-01 2.677419966490467429e-01 -7.012758347769275646e-01
5.905108534411656063e-01 -6.309810861038633867e-01 -5.031498792083477500e-01
6.352028948566967870e-01 4.664454655164703145e-01 6.155858267250762239e-01
-4.587535166043441026e-01 -8.114952219786552012e-01 -3.619678379482922370e-01
-7.831647558331082948e-01 4.925424803429747089e-01 3.795456102742569837e-01
-7.016514458106647423e-01 6.924753463673088971e-01 1.678187810266765223e-01
2.343858807255986554e-01 9.223386837423394602e-02 9.677583233644699856e-01
2.812511232145631923e-01 -6.335141032229403037e-03 -9.596132927792572209e-01
4.851713839987339960e-01 4.284135508721637065e-01 -7.622798420382485007e-01
-4.471518187282123580e-01 -1.882653766427755115e-01 8.744206075828758751e-01
-6.625684036432405444e-01 -1.887258683223508593e-01 7.248349171498450483e-01
1.118210302092804836e-01 9.329036424930691185e-01 -3.423256505523639137e-01
-7.032113701081973423e-01 4.946294474995400203e-01 -5.107205484576197163e-01
-8.008168288757423481e-01 -2.330543296647355211e-01 5.517047090735415216e-01
2.529820603253894462e-01 -9.002162899912112826e-01 3.544160103437490883e-01
-6.260281604754804885e-01 -2.475820030185012788e-01 -7.394537808903492992e-01
-9.610580045466734500e-01 1.606078537031725428e-01 -2.248835903876199860e-01
2.126940850764303115e-01 3.157643027735842489e-01 9.246913708191575321e-01
-2.338040581110696070e-01 -2.003240973224600652e-01 9.514231016969985077e-01
-1.876171481191672430e-01 9.041489032933314185e-01 -3.838157974928816385e-01
-8.296140865561739686e-01 -5.536652305413298780e-01 -7.207828991576555044e-02
7.869348405052964956e-01 2.731069210449888485e-01 5.533047681669025497e-01
4.076270550658770420e-01 4.070253787785321209e-01 8.174169835576655663e-01
-2.932114003501187227e-01 7.464139058414247518e-01 5.974055204559725052e-01
4.248648275929519658e-01 -8.919963198760310075e-01 1.543776007134089190e-01
-2.850325654448282453e-01 -7.046065069535268899e-01 6.498354460897690643e-01
3.596246996700033782e-01 9.264291121400520801e-01 1.113515853800693400e-01
6.176883777876531756e-01 -3.495773770666072422e-01 7.044549136667926925e-01
4.379405816492241699e-01 8.844787823586477415e-01 -1.609513296065094023e-01
4.751934083278404053e-01 -3.941037132932981302e-01 -7.866851262418810276e-01
-9.090652727675573308e-01 3.648492415372442399e-01 2.012097432972479449e-01
6.438737690799667401e-01 5.185051627096664006e-01 -5.626535041516939062e-01
-1.250960330382666630e-01 -5.815305664058506574e-01 8.038489801285932934e-01
8.051932314020940895e-01 4.684467742864566464e-01 3.636227162387788425e-01
-6.476027803236095171e-01 7.049751652808625701e-01 -2.891723625354802873e-01
1.586368395082804472e-02 -5.068575724671473548e-01 -8.618838348433149887e-01
-2.546294939694128401e-02 2.716576351975978354e-01 9.620570499959228972e-01
-1.531904960404259775e-01 3.572065500451451769e-01 -9.213773127919600014e-01
-5.158241229752226209e-01 5.012013521500250507e-02 8.552271313533453823e-01
9.994449970823664209e-02 -4.800601454880696339e-01 8.715235818335862472e-01
-9.356755911695282535e-01 -3.515228106079748005e-01 -3.070670467217338426e-02
9.872947666283893309e-01 3.839219393077854259e-02 -1.541917093535701833e-01
-5.479150290671767898e-02 5.843885874833658622e-01 8.096220538179648152e-01
-9.871781922403616294e-01 -8.669294137727195926e-02 -1.340281712193691077e-01
8.855041460918700036e-01 -4.000932260941805763e-01 -2.362367830962381621e-01
2.796071585565103046e-01 5.962185949339148250e-01 -7.525577877737915644e-01
-5.683328343963032214e-01 -5.730826503553055895e-01 5.904016134876350907e-01
6.373897157940713321e-01 6.878460877023685471e-01 3.472781447665527765e-01
-9.236342775120978121e-01 3.598720623191464241e-01 -1.318780503604345400e-01
5.445232666009403033e-01 8.274835227843884145e-01 1.369869762078866349e-01
-4.225191290794140242e-01 9.040408273116106175e-01 -6.471296713729048078e-02
-1.235097217375773909e-01 -8.540604118194540517e-02 -9.886612952704955104e-01
-4.321276728471846185e-01 8.447924307033719549e-01 -3.155810884479062772e-01
4.769804494299467179e-01 -7.786713004693575080e-01 4.076280862342115396e-01
-5.922655760050172802e-01 6.789490970159550720e-01 4.338774148773640871e-01
1.655791146144131032e-01 8.769984797667021992e-01 4.510623275007574207e-01
-4.444514895971993784e-01 -4.257483835288849439e-01 -7.881631730278774173e-01
-5.347002471220052566e-01 -3.961939769064161121e-01 7.464087207359951792e-01
-7.445281662802823996e-01 6.005304343579071641e-02 6.648845325238202930e-01
-4.175853523510411613e-01 5.943093225300339899e-01 6.873273620741058298e-01
1.549586140633512632e-01 -7.111981837506627935e-01 -6.857003509969380461e-01
1.354657460865395235e-01 -2.243133582069843368e-01 -9.650557232445815536e-01
-6.199267443728594396e-01 -7.094370416750577224e-01 3.352460521924307546e-01
4.693345125327515188e-02 -7.197646328630330492e-01 6.926298610607254380e-01
-4.312154668492184512e-02 -9.580709093443642299e-01 2.832678324123003577e-01
-9.913115493962568192e-02 8.044512856484946628e-01 -5.856886059492878438e-01
-8.427702789076617629e-01 5.373173715499161007e-01 3.206710496118325704e-02
9.078548953093054652e-02 -9.926885392294900745e-01 -7.954532653180079738e-02
-4.174737439759649837e-01 -7.830512010355510366e-01 4.610276452095597444e-01
-2.042294947668070113e-02 -3.132740983109451038e-01 9.494431222891328570e-01
2.498033307988200280e-01 -9.412559098352270004e-01 -2.272346983232853279e-01
9.096828872026453405e-01 3.788356794592129262e-01 1.701780617451491284e-01
-1.490506588883431793e-01 -9.872489823621882765e-01 5.588692073978043101e-02
-1.460601534147620562e-01 -8.636863770066804946e-01 4.824026054630412563e-01
-9.132132851754272140e-01 -2.992972093984087034e-01 -2.765188532911078134e-01
1.042780736545287495e-01 7.359747703760766147e-01 6.689299071836916077e-01
-1.057306484059167689e-01 -7.036964986711493619e-01 -7.025896866205975089e-01
-4.414227654791413880e-01 -8.951158048401501865e-01 6.255907641675306774e-02
9.959074048924851930e-01 -3.575267229785285966e-02 8.300715212485104688e-02
3.105013930578482406e-01 3.451034146698219174e-01 -8.857158224240800903e-01
-4.025207426419417089e-01 -6.534075673085637526e-01 -6.411205836087970900e-01
7.918451185016767147e-01 -6.020262998154162215e-01 -1.026919794123387214e-01
5.594663269339150702e-01 -8.269679916852694657e-01 -5.586922010468518135e-02
6.839688537395649526e-01 -4.331782812320723597e-01 -5.869780096247332324e-01
5.453658560694036872e-01 9.174385629197537306e-02 -8.331621378017389778e-01
-8.368356158371486053e-01 2.748809698715251049e-01 -4.734412365531230349e-01
-7.918472872483975911e-01 -4.809845985068365026e-01 -3.763398592716042379e-01
1.581045655133923589e-01 9.764591366883582646e-01 1.467327527910778917e-01
-2.097087444670709400e-01 4.415738687739965140e-01 8.723730629209101028e-01
-1.939216442722368483e-01 5.239808679075776132e-02 9.796166782897380854e-01
5.488316481361728005e-01 2.334898188218249848e-01 8.026620250832126047e-01
-8.594326260075944024e-01 2.379783405699041621e-01 4.524841110727370608e-01
-7.733775114405827544e-02 -8.722132493777555728e-01 -4.829730011686748647e-01
-3.148226837765377706e-01 9.390838689998032285e-01 1.378701010520356762e-01
4.312919567753332184e-01 6.911344655280741156e-01 -5.799313740263821737e-01
3.972739464779243557e-01 7.870289191158507114e-01 4.719734017136887894e-01
9.683352011069737975e-01 -1.986442277025620151e-01 -1.512197377909686169e-01
-6.513795791029587390e-01 2.663797680786618716e-01 7.104551098317267721e-01
-6.495271328431807545e-01 4.783678051463555736e-01 5.909980936517269523e-01
3.638532827146975235e-01 -8.046273341287795144e-01 -4.692394291090123959e-01
2.690801016350408137e-01 -1.390170087305865609e-01 9.530320929473865554e-01
-2.923720026322204624e-01 5.005795012834003410e-01 -8.148243829020381801e-01
-5.490510223986180272e-01 2.129438440049735703e-02 -8.355175186649504981e-01
4.419346566927540576e-01 6.224327098100561617e-01 6.459653868222104967e-01
6.687175853134902370e-01 7.188524379815720566e-01 -1.899156747097114628e-01
-7.008446951577236295e-01 -7.033603858570561806e-01 -1.187471299707518191e-01
-5.142388888406985714e-01 2.663349774009625137e-01 -8.152447761358011524e-01
-5.003479741998532182e-01 6.947199020764961430e-01 -5.167360664526201575e-01
4.334891777465717522e-01 -1.612540334506762651e-01 -8.866139348512910301e-01
9.280289491754516451e-01 2.417183377034967384e-01 -2.834334396470635231e-01
6.658734903313421327e-01 -7.361040670222828153e-01 1.215043101589838026e-01
3.522192783420287632e-01 -3.616918617629136801e-01 8.632036706934800296e-01
-8.697180421487765711e-02 8.440866513005383931e-01 5.291064452148097619e-01
8.939596573407272428e-01 -4.465243326625881748e-01 3.810710416024668673e-02
8.272150429132880678e-01 -2.864406451863605318e-01 -4.833911765466852861e-01
-7.159836706354545388e-01 1.111795092094143567e-01 -6.892071532676765644e-01
4.294570045260127644e-01 -6.457714497338068460e-01 6.313049310533237479e-01
2.742366320122879286e-01 -5.891018329936544839e-01 7.601008485892337685e-01
-7.609794399451657032e-01 -4.625219875872869646e-01 4.549546163949186317e-01
-6.283174418287661434e-01 -4.834494044091871001e-01 -6.095029660880719735e-01
7.353643620146480542e-01 6.710806205049734130e-01 9.428709276167937525e-02
-6.286231703369502544e-01 -6.528924809407223862e-01 -4.225687139940560999e-01
6.773301687967949736e-01 -6.761488573464479179e-01 -2.899078563040299317e-01
7.647460931282681340e-01 -3.911204006240200926e-01 5.120432064394138116e-01
2.444957712824006868e-01 -4.779005648622322022e-01 -8.437018833269152029e-01
-3.099382154417201218e-01 -9.336944567146118201e-01 -1.793124761671865408e-01
8.795812797805772076e-01 -2.297633709954293446e-01 4.165880046381301161e-01
-6.231465210805990917e-01 7.814706600864806951e-01 -3.149635993486652602e-02
-3.348601954229264432e-01 2.147992698608981454e-01 9.174584040644810923e-01
1.804500231956890077e-01 -9.754292115516127737e-01 1.263947877899815331e-01
1.632169007514295556e-01 7.926210177868386886e-01 -5.874624800543893910e-01
-8.965524168722598386e-01 -8.411576153307191717e-02 4.348773418588521289e-01
-4.528369798398630408e-01 3.898076287273436469e-01 8.018657507809379137e-01
-1.090511398326180804e-02 6.571980291407389929e-01 -7.536390574953903965e-01
-1.849970313960454249e-01 9.209349676785432148e-01 3.430085766880635600e-01
-8.048024442522019317e-01 5.421583184729289462e-01 -2.415727290823359574e-01
-9.213992425408026321e-01 4.145056110063299881e-03 -3.885952320282377026e-01
9.026717664247140283e-01 -3.654824478139039323e-01 2.271701178404485488e-01
1.370921620899711868e-01 -8.735576658915369386e-01 -4.670147143887729557e-01
1.363578405937190263e-01 -8.371550825518607741e-01 5.296960515863841090e-01
-8.156769753867875172e-01 -5.024834637909740553e-02 -5.763212433270428203e-01
8.173097024046135362e-01 5.336107755827704802e-01 -2.174037500532968459e-01
