-7.814262058941378042e-01 -4.858363366268864669e-01 -3.915815863327329338e-01
7.916972721460303619e-01 -4.316204167281464943e-01 4.323415838662243993e-01
2.964903460082848330e-01 -1.837284157614243185e-01 -9.371965343329459186e-01
-1.150478093743683844e-01 -3.551170774921065254e-01 9.277153996951997827e-01
6.087999072368713849e-01 6.469479227690820844e-01 4.591525434680142070e-01
-6.747872666519895146e-01 -6.657217525335554775e-01 3.185540660044828831e-01
3.404107834513894759e-02 -9.875591454241890998e-01 -1.535191821048605965e-01
5.429847759584282008e-01 7.321572188857253805e-01 4.112339235895984269e-01
8.076381189167022301e-01 8.986251330881260546e-02 5.827910410897838567e-01
4.875860532572076633e-01 -8.703271291402618903e-01 -6.921364714800952445e-02
3.954754388810899357e-01 8.525004590221137990e-01 -3.418218024188838244e-01
-8.303600439263568722e-01 4.445191118906527405e-01 -3.360133280311424220e-01
5.922019676387788589e-01 -5.229323795606223291e-01 6.130567314138420931e-01
-5.444945015761316620e-01 3.321714391476288109e-01 -7.701869076840719419e-01
-6.968527518326966819e-01 5.279461140367139871e-01 -4.854576633824324583e-01
-3.659439061639085389e-01 6.620340082285391947e-01 -6.540611817638737335e-01
6.713606394536517641e-01 -4.975152426841623066e-01 5.493209217655036225e-01
6.487478898077988498e-01 -7.457246733439819586e-01 -1.517263557722897116e-01
-9.318552368149919662e-02 8.951680255407443720e-01 -4.358791853549445205e-01
-6.644644126870276057e-01 -2.505985567161010397e-01 7.040507138298282008e-01
1.828670587648477952e-01 8.016302954517311175e-02 -9.798640352175569390e-01
-3.004455742116374228e-01 -7.205538044231299954e-01 -6.249277333164158232e-01
9.968363641470461278e-01 -4.621301010121769970e-02 6.466545299835348148e-02
-1.183837563538664289e-01 6.368585909470444451e-01 -7.618375295090767940e-01
9.069361410888102659e-01 2.516992855487510394e-01 3.378080899581682450e-01
7.891402119339518961e-01 6.531557732877647793e-02 -6.107303834484133498e-01
-1.697128965141861956e-01 -5.521581855459471999e-01 -8.162835725967860778e-01
9.844746376975419544e-01 -4.597774021484907908e-02 1.693981556423491408e-01
-6.363069817177623433e-01 -4.281184584087590478e-02 -7.702470843001796297e-01
-3.605481965265241451e-01 7.300427010428722774e-01 5.805537465519435836e-01
6.344496110031360159e-01 -6.903910513203592725e-01 3.476116904747861835e-01
-5.369837996763108245e-01 -8.036814770135507213e-03 8.435542712200216897e-01
-5.468112084915234261e-01 8.054045396640492349e-01 -2.287379062520702444e-01
-3.476791014755090115e-01 9.373533575657225780e-01 -2.208903477859108441e-02
-8.772392074196087020e-01 4.796084784963863257e-01 -2.066592171179669479e-02
-6.650007110467173188e-01 -6.146536968544860091e-01 4.242344720204547781e-01
5.149986279781888499e-01 -5.969187406152912656e-01 6.151946279697489972e-01
-6.004741236337373111e-01 -7.000733271617466391e-01 3.864300239926721781e-01
5.812599331423162763e-01 -6.546461225738879897e-01 -4.832963317907182366e-01
-8.314557935121279497e-01 -2.249859227355481273e-01 -5.079986200827241172e-01
-9.267635290617990407e-01 2.143428273598907974e-01 3.084907025508029643e-01
-1.046455384663340232e-01 -3.688118048636441770e-01 -9.235946967541077690e-01
-7.123786965045453279e-01 -5.763181390879559274e-01 -4.004672212861876135e-01
-7.853720085416137087e-01 5.838885277820830000e-01 -2.055845211191321131e-01
-8.657133258574950530e-01 -2.577309433771180491e-01 4.290864694425768344e-01
1.482726750266217808e-01 -9.043759390317118729e-01 4.001491906039037483e-01
-4.978126315942131286e-01 5.577531921032268664e-02 -8.654892821937374414e-01
9.198994573702612421e-02 -2.912323581150015883e-01 9.522192832903955129e-01
8.393715406587594074e-01 -1.377749282724158864e-01 -5.258074608368268343e-01
6.242685463216777197e-01 -5.874526688220249593e-01 5.149642162007954660e-01
4.316238831425865397e-01 -4.002357824514742313e-01 -8.084009784422399036e-01
5.487945175517175422e-02 9.799310936849602305e-01 -1.916332366904272555e-01
-3.618187987974959552e-01 7.334426771131030698e-01 -5.754554684994326319e-01
-7.550550305215738556e-01 -6.501416322469814879e-02 6.524301184527410147e-01
-9.126556398176941531e-01 2.853525998279103915e-01 -2.926321528479186029e-01
3.044525794537986108e-01 -4.232752826196189422e-01 -8.533151012300264071e-01
-7.416246839999059981e-01 -3.610769406138270576e-01 5.653461515204629695e-01
6.902854257062931431e-01 5.925205919808258503e-01 4.152413504652123222e-01
-5.440328609858156028e-01 -1.218753829433092822e-01 8.301654276106720243e-01
-5.661177228583624821e-01 -8.189991408854592203e-01 -9.354748042861329993e-02
-5.587669467722657934e-01 7.040856535526736071e-01 -4.382269864534866777e-01
-5.782872974768660940e-02 3.403090705007790207e-01 9.385337365010727462e-01
5.411157337693893732e-01 7.498492428374681218e-01 -3.806834323730032277e-01
-1.069979298892490827e-01 -7.679120190412779268e-01 -6.315556776812029094e-01
5.750094963054067643e-01 -8.112609703011746110e-01 -1.059231666095716423e-01
5.870552765690298935e-01 5.183323917902984412e-01 6.218501699552780870e-01
-8.788693298304915968e-01 -4.344094448262316166e-01 -1.971728564713411680e-01
9.541486086224718610e-01 -2.557339716622362702e-01 1.555653187624407852e-01
-6.096346688393805557e-01 3.469847183929935519e-01 7.127041291804290246e-01
7.997976142889746676e-01 5.428816494963071282e-01 -2.561313936592571339e-01
9.309609885033021115e-01 -3.433796758194717635e-01 -1.241049399462771374e-01
9.292442584262026184e-01 3.639175690914498440e-01 6.378958448294134997e-02
8.477665360543013007e-01 -3.410997551610215894e-01 4.061315764325421629e-01
4.114065733353801102e-01 9.107739952628233215e-01 -3.514770219282168512e-02
-8.163930149371029232e-02 7.293015780168429218e-01 6.793042269511959663e-01
3.291843286447146966e-01 2.642295765265421092e-01 -9.065431091036613154e-01
-2.254972560107234014e-01 -3.868522429812128460e-01 -8.941455863739634635e-01
7.563829465719521528e-01 -5.526706797642751967e-01 -3.499142150070861379e-01
5.587535399372008937e-01 -2.382583211404268042e-01 -7.943723648359073408e-01
-2.453270661530098928e-01 4.375104352073219682e-01 -8.651007165049953151e-01
7.273630371700623432e-01 -3.341382143816008510e-01 -5.994119333551993778e-01
-6.152519614301992235e-01 -4.939396037102084525e-01 6.144010838555663545e-01
7.161402704988004686e-01 -2.405701086074746309e-01 -6.551863367123074156e-01
-8.650609489478631176e-01 -1.607544816822765177e-01 4.752131639848427569e-01
9.609175378897472086e-01 -4.896292271828803222e-02 2.724703976119048354e-01
-5.435267268497504523e-01 -8.080041910396598137e-01 2.273937652231068918e-01
-1.692382297907209787e-01 2.642795533648432671e-01 -9.494813001057904600e-01
7.838892595310024136e-01 -6.086137550534664875e-01 -1.229102353413091125e-01
-4.327250107933905410e-02 -9.971682499516668630e-01 6.150586914001340139e-02
-5.379709573045381443e-01 5.944919253847379403e-01 5.976341688267046148e-01
6.476495755308971924e-01 -7.611363322046775792e-01 -3.495012321379663278e-02
-1.048586377883000504e-03 5.145631899935382281e-01 -8.574518202034923098e-01
-9.530720123054992055e-01 2.906990297756626429e-01 -8.454474228143785131e-02
8.486476259126521926e-01 -2.388458368754672601e-01 -4.719638473867216466e-01
6.254940760749939654e-01 -7.319639635272050249e-02 7.767879043574668074e-01
-5.649637593515586254e-01 -5.898385997701007799e-01 -5.769803955426918707e-01
8.483702274972242385e-01 -2.316404539566445653e-01 4.760364032162536230e-01
6.174893079322248957e-01 -1.278384029521815735e-01 -7.761213161098061697e-01
-7.551578173484017054e-01 2.544444112323064333e-01 6.041479226896695476e-01
7.580229583221376188e-01 -1.450896852088993105e-01 6.358853496523863003e-01
-5.026863553171349031e-01 8.027924575096256898e-01 3.206722600157847491e-01
1.002618878176336908e-01 -7.367168742569651929e-01 -6.687270003792961104e-01
1.843173861201781449e-01 -7.717869425450598619e-01 -6.085819718745976159e-01
3.080307966733085434e-02 2.839556336271321646e-01 9.583425110128539481e-01
3.451134743196576649e-01 8.138413977058426285e-01 4.675028012998588833e-01
-3.732313479810228096e-01 -1.165666244121635192e-01 -9.203861053696010819e-01
9.308189830046053048e-01 -2.562862311174316510e-01 2.605635980291463039e-01
5.250823609660234537e-01 -8.012601659875866200e-02 8.472711110774179266e-01
2.304976443874185710e-01 2.797078853502885099e-01 -9.320055444066419614e-01
-1.666065588636318484e-01 5.002736804976045670e-01 8.496872949179598011e-01
-7.758909531239392976e-01 -3.239320305625397745e-01 -5.413513354893055851e-01
1.543490259212608740e-01 8.996357556589280602e-01 4.084505910598577039e-01
-2.790933757136959126e-01 -2.094987992074795191e-01 9.371324030057641696e-01
8.373718948506927440e-01 -5.215043041206014474e-01 -1.638339723556977712e-01
5.343537433139800008e-02 -5.094047977689947215e-01 -8.588663532703985082e-01
1.795043474540665429e-01 9.122952329774568492e-01 -3.680972658574057088e-01
2.818167212950460979e-02 -8.710080731587001024e-01 -4.904597127678824164e-01
4.016087916727228424e-01 -9.045439614434750419e-01 -1.432152235878582369e-01
-7.351069691188404087e-02 5.568595585398554704e-01 8.273473330484157895e-01
-3.107864376344297574e-01 9.096266488736441946e-01 2.756649231248047283e-01
-8.201407228534887128e-01 -5.333826858852810382e-01 -2.070558019355183410e-01
-8.096001368284422295e-01 5.748913836928543075e-01 1.185222148083771576e-01
3.437710412756081468e-02 8.922710018910718910e-01 4.501895977208998922e-01
-1.432137989867005856e-01 1.668466305522939286e-01 9.755265294460953029e-01
7.589896416884922559e-01 6.228241263483967893e-01 -1.898020849409478572e-01
-9.699345586939469577e-01 1.938120737290107420e-01 -1.471863849954837267e-01
-1.349656592369290753e-01 3.739082524117773865e-01 -9.175929868983914162e-01
3.920367131966434604e-01 -3.058858625214215810e-01 8.676065090900936250e-01
-3.935840941227736756e-01 -3.600797550987280826e-01 8.458333942459329569e-01
4.444343772660876990e-01 1.829377890223218006e-01 8.769332070641009391e-01
-4.392453388423925853e-01 5.805331917610486725e-01 -6.855980933236038855e-01
-6.651803836321636965e-01 -3.729755567716584452e-01 6.468572418098438304e-01
-6.854260252048813840e-01 1.971630018656433392e-01 -7.009407354885043295e-01
-1.554230136401560936e-01 5.316142138745136303e-02 9.864165195834251332e-01
7.043176404403239665e-02 9.673072478899520377e-01 2.436309807746386280e-01
-6.978174967318331867e-02 4.576776668949248950e-01 8.863755753844795304e-01
-9.288735326314011553e-01 2.251902025587447509e-02 -3.697118528037432461e-01
3.086754046761200701e-02 -3.496112398644302122e-01 -9.363862322278859729e-01
4.124711423548468314e-01 -6.202489495866652103e-01 -6.672022161692255926e-01
6.155820738003642267e-01 -2.513785391142339676e-01 7.469053089170250015e-01
6.980260591468532283e-01 1.281345812374143911e-01 7.045148329474874016e-01
-2.723723730515182351e-01 7.105503040533123205e-01 6.487923826680072059e-01
-7.901581567406339435e-01 5.712298894577249042e-01 2.221407228005690127e-01
-6.705998638546318835e-01 4.630919235142139101e-01 -5.795185009765044803e-01
7.501883886377325172e-01 -3.157794803155945795e-02 -6.604696925304283095e-01
2.102050092046539587e-01 7.502602460761175207e-01 6.268360369850115577e-01
8.013401423141958135e-01 -3.250247748001408032e-01 5.022079968319723697e-01
-5.679511874936712390e-01 -1.446412790439271234e-01 -8.102532622711650090e-01
-6.453231047556486910e-01 3.038839796153188777e-01 -7.008656200739815656e-01
-5.566635436329238074e-01 -5.102767468575338805e-01 -6.555481224185821798e-01
7.583223533669335437e-01 6.445483216150410533e-01 9.749189446958740624e-02
8.383062328108790151e-01 -3.472769250987522427e-01 -4.202872795176985088e-01
-2.637616037887651199e-01 5.371487689316800651e-01 8.011872542682884069e-01
-6.447287191772456127e-01 -5.854659702109518138e-01 -4.914819186837061649e-01
-6.863031568167241581e-01 5.926253205116935874e-01 4.216434588984057097e-01
-7.597145197936756578e-01 5.099472720933366787e-01 4.034694884365229162e-01
-9.387177860735809176e-01 2.849762511095236817e-01 -1.939006302534271309e-01
-1.900202253895522109e-01 -6.396974478519458218e-01 -7.447680774272018578e-01
1.889704805581812197e-01 -9.358186424125665148e-01 2.975460065111122931e-01
-7.287513024419627339e-01 -1.451221059492681376e-01 -6.692242625263914446e-01
-1.776958159436839435e-01 6.831454075091021316e-01 7.083336425691860727e-01
9.637706383055560933e-01 2.658423263703622585e-01 2.177186831888230228e-02
2.754109722508462088e-01 -9.001294867523864651e-01 -3.375140048097691747e-01
3.650245916678928060e-01 -4.187588364988026335e-01 8.315035083100114077e-01
-5.657265619552376279e-01 -6.628021042649918648e-01 -4.905576700860007078e-01
-3.353013827626983301e-01 -4.013916233383760801e-01 -8.523249071986607195e-01
4.463623344722720265e-01 -8.828719571234101560e-01 1.459375677800021365e-01
5.481394182735497278e-01 -3.472782552003108592e-01 -7.608817198485993138e-01
-4.947998976833251628e-01 2.479740058944856773e-01 -8.328757132088873139e-01
-6.162190257305625307e-01 5.988315973540012660e-01 5.115416213155402625e-01
-7.879199854337004538e-01 -5.564125867668767711e-02 -6.132586296881856747e-01
-8.276867212220841152e-02 -6.162509874433544921e-01 -7.831883984011874800e-01
1.362085435602975857e-03 -9.683816737281022435e-01 2.494695947622182775e-01
-8.362945261811096653e-01 -5.411380472565726629e-01 8.821042620266922318e-02
-2.149188879216369988e-02 1.134621057706232256e-01 -9.933098455518505343e-01
-4.632733466405219991e-01 -2.811441858148703288e-01 8.404378341525233775e-01
-6.759071397915286106e-01 -2.457503141906438593e-01 -6.948066791950368026e-01
-1.834542800256042105e-01 -2.982173452854582352e-01 -9.367021629692017237e-01
-7.126749202926703219e-01 5.846422598963171291e-01 -3.876698156023541397e-01
1.734448271930751073e-01 -4.844358042403199560e-01 -8.574606950117296122e-01
5.301088951342873834e-01 -1.266917205810612068e-01 -8.384114546186229866e-01
-3.923506223862381348e-01 -7.908953042710055170e-01 -4.696228346185956082e-01
4.431635694394335245e-01 6.720108121180700111e-01 -5.933022156693097404e-01
5.623478891195380358e-01 -7.588421234592990228e-01 -3.285170973733052557e-01
1.686733634569744789e-01 6.976644212575541237e-01 -6.962856107743958800e-01
5.767472270761351272e-01 -1.700152171929567024e-01 7.990353321241938644e-01
-4.490267414542985502e-01 4.990291931507729456e-02 8.921236932750790105e-01
8.817566547066331140e-01 -4.278189415783083538e-01 -1.986860717498418472e-01
-4.638273100617306688e-01 7.239274533253021726e-01 -5.106792229598163813e-01
9.092005769934999870e-01 1.445292419817667262e-01 3.904684481579308031e-01
-3.293499716278784906e-01 -8.160788635287319348e-01 4.749146077879360939e-01
9.482508562117746287e-01 6.610918181296418505e-02 -3.105638256037832057e-01
-2.463349204447369267e-01 1.191467156088858448e-01 9.618332324936066380e-01
2.596483843641713141e-01 -5.215004261996145640e-01 -8.127853480290450072e-01
3.905925855004890868e-01 -9.197248209204882397e-01 -3.928976883132610787e-02
6.782129355859213282e-01 6.975949554430513899e-01 -2.310594991432595169e-01
2.218193908358137567e-01 9.732692827949254166e-01 -5.952361730506444681e-02
2.644860264731932475e-01 3.764668179908728929e-01 -8.878737955093890521e-01
-5.176904436517745234e-01 -3.362441559951901970e-01 -7.867251566530150120e-01
-1.618421458791734213e-01 -1.082612965620258771e-01 -9.808601385946589257e-01
1.201984214804949352e-01 6.379584447465341812e-01 7.606322122091468962e-01
-9.795124255811649139e-01 1.994870737065345678e-01 -2.757382012174867600e-02
1.703678564278697516e-01 -9.259270933471629439e-01 -3.370961454864870865e-01
3.772689658472439672e-02 9.962282548419213457e-01 -7.814054983621052108e-02
-9.459765297232587411e-01 1.854877475278427224e-01 -2.659374000207340161e-01
5.189040869001975143e-01 -5.434046606206610619e-01 -6.598862958222545538e-01
-9.033442435899851075e-01 3.700137283666723315e-02 4.273173012891470224e-01
-3.033670351703585677e-01 -3.073366975598612605e-01 -9.019493313401506507e-01
8.643395514539828905e-01 4.557217840994635671e-01 2.126847321495587417e-01
-9.411196339397993604e-01 -7.571440366313630932e-02 -3.294862116856392964e-01
-5.948268522877506737e-01 4.483584571479816427e-02 -8.026024936022096989e-01
6.898486120033556768e-01 7.055271455798797220e-01 1.622970713443440127e-01
1.513480739504826922e-01 -3.210858147142464647e-01 -9.348784199567170550e-01
2.336548495939408734e-02 6.018201391409709888e-01 7.982897808671702844e-01
3.293083770628629225e-01 -5.798324929181748466e-01 -7.452182720200292154e-01
2.149994461127137380e-01 -8.549325662197277964e-01 4.720863749232517836e-01
-1.775360648943135125e-02 9.315158011878009736e-01 -3.632672867105812831e-01
2.645471431062099699e-01 9.333006744293057544e-01 2.428263992735256172e-01
1.146329347568251500e-01 -9.683455587782697771e-01 2.217344561935243041e-01
-8.851210345146502956e-01 5.972716761587273243e-02 -4.615121013671261707e-01
-4.521055821424992960e-01 8.701666967150434306e-01 -1.959858732756563082e-01
2.578516762346821367e-01 1.007666877004913079e-02 -9.661319650076088950e-01
-8.710390613915208746e-01 1.481554187141370382e-01 4.683384731535699119e-01
5.367399269371039283e-01 8.207187606417818415e-01 -1.957829583037553889e-01
8.387990716403963543e-01 -5.415616271463975506e-01 5.592067075559428030e-02
3.894484540960531094e-01 -7.029113192006108957e-01 -5.951853315916405540e-01
-9.915104523237610046e-01 1.027353733867006208e-01 -7.970235873439437957e-02
1.138204466596892811e-01 -1.449706875033583420e-01 -9.828674405467872077e-01
-1.123452427471627602e-01 -9.451215950604797689e-01 -3.067958881445702057e-01
9.355682627311991961e-01 2.651785343085419355e-01 2.332217200693347259e-01
5.335119607316064494e-01 6.337931102157012830e-01 -5.600636403119068074e-01
-6.118961654365411285e-01 7.889323788019902972e-01 -5.629195681347382019e-02
-1.775596170576465849e-01 -1.716087121115318914e-01 9.690320078912580959e-01
5.770675870712942412e-01 -4.343963159914516758e-01 -6.915871894452421120e-01
-8.708222952993818211e-01 4.833436874067441047e-01 8.970735674161739448e-02
9.356859597684556995e-01 -3.524338471853499244e-01 -1.679785850390425744e-02
2.878281023942239059e-01 7.936121142540371043e-01 -5.360361886863396208e-01
-8.358400375919150527e-01 -4.631693934216312147e-01 -2.946956812642227419e-01
3.335242704265230507e-01 -8.357872354271095316e-01 -4.361436209937787356e-01
5.313849059341813064e-02 8.283431820179897320e-01 -5.576951439825927892e-01
-7.653727838649768689e-01 3.425148085904088369e-01 5.448743961823226956e-01
4.524574977939868625e-02 -6.558617791923213591e-01 7.535238209383847696e-01
-4.312749053291318191e-01 -8.595183789471998459e-01 -2.742810826238767929e-01
-2.162297315853694835e-01 -2.026797544167635579e-01 -9.550736203707436145e-01
-7.181438433419986556e-01 6.344709664694430096e-01 -2.858601283448145014e-01
-2.143828417943521580e-01 -9.285160725822311223e-01 3.031466643402938588e-01
8.950574473176866608e-01 -2.551601170510559569e-01 3.657396350788881256e-01
-8.131291189537807051e-01 -1.269260154445516625e-02 5.819449576854170969e-01
-3.506431091565890834e-01 8.009472904987869901e-01 4.853172651407037796e-01
1.371467597701492291e-01 -5.716971472296743517e-01 -8.089209715009254564e-01
7.600947794749357556e-01 1.722121198243954099e-01 6.265771397047108504e-01
8.595222343743512683e-01 3.392052362214880712e-01 3.823105234440289379e-01
4.690802626804714826e-01 -2.064009832629915830e-01 -8.586980501152254863e-01
-7.364132213526510817e-01 1.653337376470960518e-01 6.560185383147739691e-01
5.460996459156118865e-01 7.751704077282844940e-01 3.176255904570798316e-01
2.309341038600818685e-01 -8.718511713050151046e-01 -4.319085259269768162e-01
-1.638081252484999140e-01 9.863448001672642240e-01 1.705383492273077756e-02
-3.927219461186513549e-01 6.516532771471469920e-02 -9.173456017775487581e-01
3.208898918422018465e-01 5.117414745479528237e-01 7.969631989878748213e-01
-6.300966450385985240e-01 -4.276158768917545094e-01 -6.481688666861422643e-01
-2.440848026389188380e-02 -4.375284206327344494e-01 -8.988732431382258081e-01
-5.469189465214091550e-01 6.468131131742514972e-01 -5.315190142993427846e-01
1.208666271590075197e-01 8.570653904628078301e-01 5.008294868615870143e-01
5.643287557619871553e-01 -8.255216521639954230e-01 6.859827151974428466e-03
9.194423525475312609e-01 2.653505400496197209e-01 -2.901979518143376069e-01
2.209971778602074777e-01 -5.697644829749402007e-01 7.915356475346658760e-01
4.713594067083849981e-01 6.541551169853518921e-01 5.915246340004784997e-01
7.143005656653218516e-01 -6.990801105049085917e-01 3.258375341556191823e-02
-9.150217974494199158e-01 -7.179712861304761440e-02 3.969638302356454096e-01
9.359478090192391297e-01 -1.556271038226532122e-01 3.158827367043964829e-01
3.744626579813298828e-01 -2.370430779611260863e-01 -8.964308656936533781e-01
3.601603428051821515e-02 -9.888683503305983891e-01 1.443683863910148746e-01
-2.145382215358741518e-01 -7.564506679199712869e-01 6.178638511060938754e-01
3.405785977760314998e-01 9.044469263049860208e-01 -2.568695704718163553e-01
-1.696343186466300612e-01 8.315699328227846854e-01 5.288815035170002510e-01
2.295831030350228286e-01 4.846900821621477617e-01 8.440184376270820632e-01
-4.617131913631257745e-01 -8.004445864074875017e-01 -3.822425839859079910e-01
-8.058610160153220070e-01 1.455708826990634031e-01 5.739313033604006575e-01
-9.955037719979717425e-02 9.737519017553520895e-01 2.046874598679974677e-01
2.143126423018766602e-01 6.688466086612255834e-01 7.118386793592811346e-01
1.936162592593858034e-01 -2.215411092844200014e-01 -9.557365123544411256e-01
2.898921433362935396e-01 3.069000130215590594e-01 9.065180236703829220e-01
-1.032673480865141033e-02 -3.213480701243762172e-01 9.469048401901484224e-01
-9.689005009279783032e-02 7.648584155821246400e-01 -6.368704124908119990e-01
-8.689393305489883090e-01 -5.120600825501579745e-02 4.922625158832056869e-01
8.929187654969024113e-01 -4.498442505395617852e-01 1.833653402330353080e-02
-6.340537753484659644e-01 6.214959756971549787e-01 -4.601288538644347503e-01
-1.848211362862779428e-01 -9.630636916072944365e-01 1.958302159769507722e-01
4.333949156814755344e-01 7.576998492967748078e-01 4.879137069575842922e-01
-4.288152437838174125e-01 8.069072970503397002e-01 4.062241999998771891e-01
6.531824703228370499e-01 -5.542451605128128067e-01 -5.159117778371437035e-01
9.258029293313090324e-01 -5.563180747963315104e-02 3.738904091282849729e-01
8.380992219710285962e-01 4.396730971276625599e-01 3.229198999654953051e-01
-3.858941449838444449e-01 -9.061297246881653278e-01 -1.732473113896358663e-01
-8.566183159794801272e-01 -5.048719950206973506e-01 -1.063453307498770373e-01
-9.636827024127234131e-02 1.916301104173888104e-01 -9.767246578601999074e-01
7.733793811205080804e-01 -5.879486508432154590e-01 -2.370669036987293199e-01
-4.553113632621172968e-01 -6.149746248043576058e-01 6.438150148382157933e-01
-5.413404812717913517e-01 -7.702643674899594117e-01 3.371102008419770701e-01
5.884558743797545510e-01 7.618223403010140338e-01 -2.708254155839967536e-01
-6.188592278266960012e-01 4.346156258076764312e-01 6.543107166610886427e-01
-4.844429041536123526e-01 8.471398841297840265e-01 2.183325200967327628e-01
8.317960091833483949e-01 -4.434467549906449535e-01 3.338717936497805905e-01
7.589547243943109422e-02 -3.968807542306152514e-01 9.147270326083807301e-01
-3.665025389225616825e-01 9.259247192775095225e-01 9.131978533801694831e-02
-6.707252908334511432e-02 8.347138697260009232e-01 -5.465839656717060846e-01
-8.907075769828158851e-01 -3.573092840691472483e-01 -2.810161700390110262e-01
5.401122762191369331e-01 -6.516560591169434646e-01 5.325627753547532706e-01
-9.512607765443202856e-01 -2.989212081110311225e-01 -7.582246599615674598e-02
9.714459175637877308e-01 5.854471009789095903e-02 2.299246532414579713e-01
4.623591349146553009e-01 3.693332850237078802e-01 -8.061122471061757944e-01
6.323331929618697389e-01 3.281623825286598684e-01 7.017579239109168476e-01
-8.537295571989237386e-01 -1.088689773425823293e-01 -5.092085907929184696e-01
1.172333199208198118e-01 9.930681559603065089e-01 -8.484475112778945907e-03
9.980992624711303440e-01 -4.500361819560716459e-02 -4.210150358229347578e-02
-6.118196299013040074e-01 1.588959900377784062e-01 7.748734121244227335e-01
6.421559701794817832e-01 -2.239024671286217183e-01 -7.331462304183011813e-01
7.991180201017241691e-01 -5.387128528069564659e-01 2.668311304351329016e-01
9.466287628362339834e-01 2.607914180332677190e-01 -1.894249763134169540e-01
3.091121789721131274e-01 6.070294077680258304e-01 7.320962770810354181e-01
6.777931360992495158e-01 -6.064761799707258927e-01 4.156718751429548386e-01
8.748374293921024059e-01 1.640185299365883587e-01 -4.558041179849722235e-01
4.469411561470912342e-01 7.898137415789212579e-01 -4.200450649097147715e-01
-8.513770732360983473e-01 -4.884837471446691892e-01 1.911562396141913145e-01
9.877371045530364269e-01 -3.919643276101073687e-02 -1.511259473022272537e-01
6.153546016635863536e-01 2.666789936014602458e-01 -7.417688511815264674e-01
2.629694291199637102e-02 2.048008419788186624e-02 9.994443641067424222e-01
4.389999922634096885e-01 3.727799633646013966e-01 8.175048046994053408e-01
1.162398379538398530e-01 7.210403447160742552e-01 6.830732913561984310e-01
4.714892777530356183e-01 -8.809813816458533786e-01 3.961901257331152532e-02
3.212045974609030741e-01 -9.158325150808852566e-01 -2.409946283438686165e-01
5.902102761665649622e-01 -6.751333263185798073e-01 4.425458412429124078e-01
-2.551337900779809265e-01 7.416092315530544710e-01 -6.204212253265782850e-01
-1.826271222868813271e-01 -7.511457084295588768e-03 -9.831535547500621641e-01
-5.901702647698167659e-02 -5.291088665958152415e-01 -8.464991422768879392e-01
-4.415611316874488157e-01 8.971487542033284024e-01 1.216058445615872570e-02
6.516376368387719054e-02 -9.236124766964156629e-01 -3.777481658370624440e-01
7.027882610575839628e-01 2.523432235361376952e-01 6.651402541231794530e-01
1.404280275846517823e-01 -9.748878720224668504e-01 -1.728398277370992997e-01
-2.040066279642957850e-02 -7.834048577792105394e-01 6.211768200483667179e-01
1.652922221959403914e-01 9.372535838710285283e-01 3.069758961261300767e-01
8.614726937158675435e-01 -4.042806492252707384e-01 -3.072815559774464966e-01
5.475706240847315609e-01 1.849629663437327709e-01 8.160607285740349992e-01
3.533352895852752140e-01 -6.724511177342743506e-01 6.503565694229703764e-01
7.500806805100436181e-01 3.976372879555870044e-01 5.284539336147620059e-01
7.678265472603842956e-02 -2.510706947171831294e-01 -9.649186132454140585e-01
7.001040485032757887e-01 -4.535030769552609864e-01 -5.515335714727014338e-01
-8.639573309845713922e-01 3.439420397938860452e-01 -3.678064756097101373e-01
-6.850714355043369119e-01 1.044811947945811087e-01 7.209443863366465921e-01
-6.440188020531106838e-01 6.737218505431444848e-01 -3.624067475955670137e-01
8.823159756499554529e-01 2.654293365265837368e-01 -3.886718235528845433e-01
1.795277822641399845e-01 -3.795359161590599051e-01 9.075914630166056485e-01
1.035797762463322030e-01 -9.925211174747203824e-01 -6.459923621446311826e-02
7.211911540264778209e-01 -5.171526102518835266e-01 4.609083391126925222e-01
7.130387093172851909e-01 6.909397925405100782e-01 -1.190714159620901852e-01
6.210131751919091281e-01 6.015662303100781649e-01 -5.024546813281621782e-01
8.469726423194917642e-01 8.055489440919771926e-03 5.315754436128569127e-01
5.331389947357680903e-01 8.190969939905828889e-01 2.117614854682637326e-01
-7.208019382988978263e-01 -5.196688075658814077e-01 4.586816937567997909e-01
-4.471519333578667932e-01 4.927099835904145131e-01 7.465199398305816247e-01
4.126793050424412135e-01 5.406507563221316648e-01 -7.330706315751538416e-01
6.929223109890138010e-01 3.668573513218652549e-01 6.207047242568320966e-01
8.287619052028631916e-01 -1.343717178642807042e-01 5.432291836073636082e-01
-7.256142051055527453e-01 -6.788966808804554054e-01 -1.121754074587556771e-01
-8.201007663297605887e-01 -5.721494546606392673e-01 -8.929423098531992162e-03
-6.152031091555832942e-01 7.868014143900067259e-01 4.968570014791220957e-02
-8.227418885409006899e-01 2.397315621040405353e-01 5.153877792219259124e-01
3.895806416527488603e-01 4.565663054346849603e-01 -7.998588202871519393e-01
5.863699300358268252e-01 -4.342038982151646409e-01 6.838400982134158479e-01
-3.599637009278716659e-01 -4.923651809017581260e-01 -7.924661902251027845e-01
9.692007700760759681e-01 1.649536844071028130e-01 1.828664793899179575e-01
-3.234354362480872380e-01 9.191363421218184948e-01 -2.248953160248849947e-01
-4.651411303824153909e-01 -1.765877897443782762e-01 8.674448001687277143e-01
4.937203763820157132e-01 -4.364171392461832499e-01 7.521836680740802139e-01
7.143207922034624513e-01 5.313026233016719946e-01 -4.554814247569042851e-01
6.364625664545660033e-01 -3.219630108613933395e-01 -7.008960130712211800e-01
-2.658541385449243455e-01 -9.413850136770091082e-02 -9.594058158979336115e-01
-3.550783965348567883e-01 9.259965185530449894e-01 -1.282566955050494784e-01
8.858257830184316228e-01 -3.530303268010017703e-01 3.011349705672864419e-01
-1.356266339768273654e-01 9.682179205668272060e-01 -2.101415581206272643e-01
7.172499275510414440e-01 -6.069851922858767596e-02 6.941672933749343244e-01
-4.529675055530321126e-01 5.823213989336150087e-01 6.750720163486717551e-01
-8.230606988507367383e-01 5.594945724423601163e-01 -9.765710120046275367e-02
-8.712459328786098522e-02 -9.893819635744413032e-01 -1.163298560044137842e-01
-5.120459489605187070e-02 9.198036386343618753e-01 3.890235928790432562e-01
9.178276245825968127e-01 3.590741268379256668e-01 -1.692873976072904740e-01
-3.644692898735926723e-01 6.508407715940643934e-01 6.660093293414757198e-01
8.291461916974763868e-01 5.383366599127977770e-01 -1.506991485958185661e-01
-6.959008160489029704e-01 6.559660756925385361e-02 -7.151357488602259060e-01
-5.171729646755753862e-01 -7.236846274588345507e-01 4.569602658748830870e-01
7.875585650808922811e-01 -2.280847169345149028e-01 -5.724760854993229398e-01
9.159801332184129841e-01 -3.281914095646707441e-01 -2.308046668443534122e-01
5.671874809212069657e-01 4.653744635820513675e-01 -6.795034732302502878e-01
-9.210880469040045870e-01 3.867187162099139375e-01 -4.522658934213816956e-02
6.338191033689949405e-01 -7.695502737980030039e-01 7.788273429934160219e-02
-6.327162685097502681e-01 1.327284855001384101e-01 -7.629241592058395582e-01
8.043692580643885259e-01 5.323877017566747138e-01 2.637298460530984046e-01
-8.594498726886722340e-01 -4.133557509482098657e-01 3.008038222720358368e-01
8.998573508216599626e-01 3.590234876965771316e-02 4.347042322373289580e-01
-6.934910379239258571e-01 -4.563699539577019126e-01 5.574913859817398620e-01
3.888493302717709876e-01 6.269317885822170977e-01 -6.750946087862779166e-01
-1.576434800674976211e-01 -5.743465366990266885e-01 8.032898536481349883e-01
-6.140463071386341731e-01 4.794122468755449701e-02 7.878126501046194274e-01
8.433058806600767232e-01 -5.348013056623663886e-01 -5.312960667990002106e-02
1.848971893666719879e-01 4.558449570023280217e-01 -8.706425239671279348e-01
-6.019910728306408776e-02 3.033808445087198824e-01 -9.509658935353560993e-01
-1.958045748808673325e-01 9.013360113607994384e-01 -3.863340045607268625e-01
9.664969749507986707e-01 -2.501434119414283619e-01 -5.754885640267830976e-02
8.931211099735065773e-01 -1.239888177940885461e-01 -4.323903976520708237e-01
9.228932512415068123e-02 -9.602514398426981179e-01 -2.634385179660596044e-01
6.601921497116340909e-01 -4.009832609830432104e-01 -6.351053061268941979e-01
-2.655155310474140440e-01 9.624379827917540764e-01 5.669772528372833686e-02
-1.776838530904621682e-01 7.616339514975832836e-01 6.231710618097603405e-01
-7.443964668374973837e-01 6.589537476003840544e-01 1.079530392497592278e-01
5.834767326046181868e-01 6.789968510544437397e-01 -4.455537888596489693e-01
3.918973713830675165e-01 6.370680298941577835e-01 6.637475239801791105e-01
-4.769093828399531554e-01 -5.865899184894688423e-01 -6.545759757932866352e-01
-9.111829278259087062e-01 -1.769823917581030692e-01 3.720522880539592903e-01
-6.956926556897702341e-01 -4.656542966692279670e-03 7.183244708534676226e-01
5.754551865512620434e-01 5.458128335650966889e-01 -6.090481746027093246e-01
8.831768523946060823e-01 -4.519793451716077048e-01 1.253527779213579330e-01
-8.288100532233283468e-01 3.296918508845655404e-01 4.520809431244067755e-01
6.225723759252198564e-01 -6.844147011355123933e-01 -3.794471683968851372e-01
-9.292602064542616613e-01 -1.761319382010066437e-01 -3.247352907309891124e-01
-2.760929392128986803e-01 8.008571023963739766e-01 -5.314137657777282531e-01
-9.959745561690791504e-01 -8.957793118501429508e-02 -3.236928855993768082e-03
4.095242566882784097e-01 -5.032871015280490079e-01 7.609152230172611109e-01
-3.086692963046475113e-01 -4.330515653837928580e-01 8.468704784306986255e-01
-2.754668723425711119e-01 -5.660891946722927948e-01 -7.769562574026137591e-01
6.093349487225714345e-01 -7.704605460908089398e-01 1.873538555320215793e-01
-2.334865012878175050e-01 -8.150385165575152469e-01 5.302794265706515242e-01
8.001629835462412688e-01 4.188020821779333547e-01 4.293530199332540320e-01
7.019353435017530174e-01 -1.328101698794638408e-01 -6.997486922600599790e-01
5.440694094886070475e-01 -8.308273486610320280e-01 1.171084726892050454e-01
9.380433364712312816e-01 -1.257611682592476021e-01 -3.228913555052062567e-01
6.281893772593805103e-01 7.614693608907255884e-01 -1.598202700634105411e-01
7.332909909321055908e-01 5.999466800403210343e-01 3.199192143751408146e-01
4.880550161746047277e-01 5.714681487435826490e-01 -6.597169515469412104e-01
2.167149597600555658e-02 9.986939087569445261e-01 4.626902715573346508e-02
-4.792258667623768842e-01 4.161743808692752733e-01 -7.727492823250786680e-01
4.235767292665320038e-01 -5.932207892457610487e-01 6.845961215421126900e-01
-7.634216254027711424e-01 5.853442576777059814e-02 6.432426780519373555e-01
-3.137076822423212619e-01 -8.946342152480863952e-01 3.181463672739192061e-01
6.331051127677815860e-01 7.194556300595321419e-02 -7.707150914255221918e-01
7.279527380335488740e-01 4.950159154729147915e-01 4.743880843971225447e-01
3.060876100505646735e-02 -9.294909483539759432e-02 9.952002660364474007e-01
-9.709719278898056860e-01 -1.301033924718089374e-01 2.007152772393785978e-01
-9.706987724563900244e-01 -2.224544085039325755e-02 -2.392677026115914984e-01
-5.372883939931720754e-01 5.097219496273690531e-01 6.719410061518137356e-01
-9.592352253375647786e-01 1.041686282140362879e-01 2.627102574464830198e-01
-4.619717152367548429e-01 -5.047359178724871720e-01 -7.292624956287198090e-01
-2.346149932042912167e-01 3.438244732717345431e-01 -9.092527352409586205e-01
4.145718379347775040e-02 -6.423549865936334369e-02 -9.970732684331160556e-01
-2.533419880504972355e-01 -4.784756497329201719e-01 -8.407608992473909471e-01
-1.515127338048173899e-01 3.929089399609692057e-01 9.070096230987508834e-01
5.692062515291538283e-01 -5.939599992105383253e-01 -5.685206790943905242e-01
9.138891977508130093e-01 -3.554873537875183898e-01 1.960491661076967929e-01
1.151468732866348654e-01 -6.574085580296772369e-01 -7.446846214349077675e-01
-8.518490213563818525e-01 4.855680501618993006e-01 1.964100645999225792e-01
-9.516779861148810804e-01 -8.620575492405618823e-02 2.947500272473236871e-01
-5.507415992803426086e-01 -2.486539828428567522e-01 7.967778157294006514e-01
1.888390210415866466e-01 -7.988782605863063990e-01 5.710808602068998541e-01
4.766462379916813208e-01 -7.131216072443794518e-01 -5.140680276865802201e-01
-3.169089290172887319e-01 -9.446552486674718585e-01 -8.482447685728591869e-02
3.178811633517881208e-01 9.457461755907560219e-01 -6.719923616807461919e-02
-9.040010278245547148e-01 3.921870250405632974e-01 1.702101027612081263e-01
8.165921990263775854e-01 1.651913815621663673e-01 -5.530723171040542452e-01
3.093200501242693301e-01 -5.117705735814390700e-01 8.015060739677799528e-01
1.114026958492857766e-01 6.249341176739510173e-01 -7.726880275535474851e-01
8.520931442758383767e-01 6.702743402533983819e-02 -5.190805299431814346e-01
-3.299095362294684475e-01 1.485557360288230211e-01 -9.322504444610318908e-01
-2.709098642149196934e-01 6.276734798236974777e-01 7.298176814774113286e-01
-3.927164973226934808e-01 -8.862750617003021247e-01 2.455407659406486087e-01
-3.431765114415789575e-01 3.751505953868091159e-01 8.610992467629443592e-01
-1.143811989032520460e-01 -8.206266038447445066e-01 5.599008112154291172e-01
-4.091139608108927406e-01 5.033977407336381882e-01 -7.610627317730727093e-01
6.390352637294929306e-01 3.565283561801607104e-01 -6.815581141396894749e-01
6.789170250443360421e-01 7.319246593773716114e-01 5.794796027701845653e-02
-7.697877752946112873e-01 3.269076492789193544e-01 -5.482318577480737032e-01
-9.656047713067321681e-01 -1.309820731995437471e-01 -2.246132723817159393e-01
-2.192704322541385864e-01 -3.898892799604895543e-01 8.943751041430961779e-01
-8.403882691804624994e-01 4.908611770497465776e-01 -2.297887331641912667e-01
-5.307170423203613208e-01 1.065326380381411142e-01 8.408271035256666970e-01
3.815044715269235165e-01 -7.495624962211844267e-01 5.409347488039842888e-01
-4.598956538264840910e-02 -2.852222828723615100e-01 -9.573574093456390655e-01
-9.608149814971069791e-01 -2.301794603355031277e-01 1.544408863299173151e-01
6.349231908282653158e-01 6.939618768277286964e-01 -3.395430094379656705e-01
-3.332675917713007752e-01 8.612452543722590725e-01 3.836526086138607461e-01
7.977771624670652872e-02 9.123694052068993532e-01 -4.015190959753577871e-01
1.955371871138940065e-01 -2.790198945688390775e-01 9.401665314668354867e-01
7.109903125561886639e-02 -9.966366190067923458e-01 4.074772888422515532e-02
2.068225311871047245e-01 -6.968413479127947285e-01 -6.867580188337363278e-01
-3.517180420691810583e-01 7.690178105550839194e-02 9.329418711546353382e-01
-2.379968659981289147e-01 -9.712656029420329018e-01 7.876018778710045919e-04
-5.145791478772427929e-01 2.139705717066088253e-01 8.303161416072060153e-01
4.433752628214272518e-01 8.772107664259372051e-01 1.841728741819756154e-01
7.523709205760523711e-01 -6.249764996779645365e-01 2.081883107233032937e-01
1.373421852863760395e-01 -7.623426716242379109e-02 9.875856725626241950e-01
-3.035444713306283473e-02 4.174463924596810704e-01 -9.081944268501342954e-01
7.155286885369517569e-02 -8.114830170466077464e-01 -5.799788789290009072e-01
-3.019296210629578425e-01 -8.374146389264475188e-01 -4.556042432160462563e-01
-2.317365851045905534e-01 -5.059735639707615418e-01 8.308362700838165527e-01
-6.211740288337250782e-01 5.189549358513627642e-01 5.872210831177525625e-01
-4.473242889404818179e-01 -8.919186876926117336e-01 6.619694153494980193e-02
-5.532876780767587155e-01 -5.952915987809360709e-01 5.826668496742080094e-01
3.735754349923766648e-01 9.148556311203901448e-01 -1.532337057489932264e-01
1.854836011103256355e-01 -9.825657232751638936e-01 1.266622137417340241e-02
-7.481072163459204782e-01 -1.786405766590313804e-01 6.390799145819612281e-01
1.903964511444419111e-02 8.345261905229103272e-01 5.506392006071081369e-01
-1.662967275614634644e-01 7.051869238568829745e-01 -6.892436440211945348e-01
-3.297680686483914769e-01 -9.038320769685637135e-01 -2.726547222085138888e-01
3.883319724854275012e-01 7.189147677481394494e-01 5.765065791985516386e-01
1.610674399324092676e-01 9.597274911888017401e-01 -2.301747650157769665e-01
3.222175529240892677e-01 -1.308662138724445423e-01 9.375766009528520017e-01
-4.498809366295026257e-01 8.884309801692372721e-01 -9.109081365807331077e-02
-6.972516724840370494e-02 8.673922364462651746e-01 4.927160533257754493e-01
-6.113300414710204356e-01 -3.397050446731255668e-01 -7.147559464731091383e-01
-6.721188170183329813e-01 6.613875669160796944e-01 3.329005589342028948e-01
8.651182419039229465e-01 4.525976539206479354e-01 -2.161614933113452930e-01
3.429781799022756372e-01 7.177380504999018029e-01 -6.059851969937241067e-01
8.777093621945081248e-01 -2.940967859022685510e-02 -4.782900232299742149e-01
6.686325244129408540e-01 2.310536072555072207e-02 7.432339400235435933e-01
-9.560460447437745257e-01 2.918697110568060360e-01 2.807190940070492316e-02
4.737346424816323703e-02 -4.930542802670370151e-01 8.687077941376385448e-01
2.165842374735399145e-01 -1.079167782786381591e-01 -9.702810093184162099e-01
7.170187542794546065e-01 -6.694517012445003745e-01 -1.942125786667370235e-01
-6.449013519454148691e-01 -7.560936249991703217e-01 -1.114660329185104409e-01
-6.524594228389243300e-01 -1.459051132266832029e-01 -7.436453452305115119e-01
-8.440410336403819658e-01 -3.596265012389273166e-03 -5.362665385880757141e-01
-9.907287578770276326e-01 -4.634805576458332979e-03 -1.357757227662963473e-01
5.858881659200436687e-01 -2.585419976055833638e-02 -8.099793931882395270e-01
4.937504110933371021e-02 1.349510852668718563e-01 9.896212962041313066e-01
-7.174616714083438263e-01 -4.999265289527322631e-01 -4.851002120275957896e-01
1.440594152681049234e-01 9.815143332262445952e-01 -1.260019783338827970e-01
-1.379970751744332702e-01 2.766985668497280448e-01 9.509966931312685556e-01
-4.815078208900102075e-01 -7.323141708765130709e-01 -4.815248420956068642e-01
-9.585121547350339277e-01 1.995999810857685963e-01 2.035050288709426836e-01
-2.910520007062628034e-01 -6.475600897911730769e-01 -7.042404866198260782e-01
9.885739650003154688e-01 -1.506949886316811815e-01 3.540639045767571963e-03
-1.784416979203320153e-01 -8.026796744943626161e-01 -5.690904151336000361e-01
-8.021256512708750952e-01 2.148904050370467611e-01 -5.571503866967056906e-01
-4.752838072470508823e-01 7.759550134090129614e-01 -4.147277658104973619e-01
7.606544039313911654e-02 -9.422327547757589628e-01 3.262077322895368114e-01
-3.172637225965053154e-01 -7.553934303970755160e-01 5.733450057662892174e-01
-7.428518725878990869e-01 4.257729432691460536e-01 -5.166125203405164124e-01
-6.225554627733825841e-01 -6.157382443522469578e-02 7.801495753478556727e-01
-4.881179722406490951e-02 9.882629671380688263e-01 -1.447539852135923955e-01
6.522359101958863370e-01 4.388950393095479852e-01 -6.180286902081604250e-01
7.220646806769925874e-01 3.544973701790331555e-01 -5.940994962588189710e-01
-7.281383926085868152e-01 -2.798581023938604972e-01 6.256947528419039006e-01
-5.870942194223397470e-01 7.370736838798245261e-01 3.347278925525900006e-01
9.644656071679024167e-01 -3.275270903345592344e-02 -2.621704648529641357e-01
2.962579543112628389e-01 -2.457270991503417434e-01 9.229568880779122075e-01
3.388742066132078845e-01 7.024809563160740178e-02 -9.382054557251313653e-01
-2.834448180632914704e-01 -7.867997785476738004e-01 -5.482746972005901887e-01
9.902551357019001577e-01 6.059127859585478060e-02 1.253932341640918990e-01
-3.515294290799717003e-01 4.734331555438834327e-01 8.076435523933007676e-01
1.156308594870574524e-01 -5.729903593173345522e-01 8.113640073750352233e-01
6.369374432080971982e-01 2.097620077507297842e-01 7.418292212793419216e-01
-2.349094095025330287e-01 9.055701328761649460e-01 3.532142462724520704e-01
-1.134051972491866836e-03 -8.456300712088280491e-01 5.337682049293270836e-01
3.979185010098792441e-01 -1.661959871293902657e-02 -9.172702194515375274e-01
7.085212654576897862e-01 -2.398887368927886676e-01 6.636648328081097281e-01
-4.126319466365281907e-01 -7.534746818390929413e-01 5.118698862430050012e-01
4.790139935840544427e-01 -7.277437543096649808e-01 4.908509162810328341e-01
7.866669041844235322e-01 4.487781814071597486e-01 -4.239732606589449171e-01
3.446834599930471144e-01 -1.062512443907004389e-02 9.386588406539809748e-01
-9.620263956393249050e-01 -2.709454729973544418e-01 3.307211446897358881e-02
2.443482012447566742e-01 -6.609985524075277785e-02 9.674320470635668912e-01
9.568120827229413816e-01 -2.394677271256209217e-01 -1.648206480410648045e-01
-2.560798428421494077e-01 -8.749211797553005932e-01 4.110183004508837223e-01
-2.905693392819446719e-01 -9.324140579553301666e-01 2.148801610119660255e-01
2.201069759087005417e-01 5.791062710374094147e-01 7.849769716376862050e-01
3.494442918094853856e-01 9.240165831911295591e-01 1.551838938471304941e-01
4.117483482043644838e-02 -9.010682530389108047e-01 4.317182372137122193e-01
5.943486072563827216e-01 8.037802846697837955e-01 2.621043739733614278e-02
9.777841452319074866e-01 6.241965882251350461e-02 -2.001048513294689801e-01
8.241645883982536835e-01 -5.424216970616366762e-01 1.628847254567197811e-01
4.819396955202965849e-01 2.748609436112197102e-01 8.319769176839905134e-01
-3.789120021872086630e-01 -5.777287183554458139e-01 -7.229489764747267788e-01
5.657760035658853104e-01 6.050690726873652059e-01 5.601686630527160649e-01
-1.724589597179746470e-01 7.981772920612920652e-01 -5.772095959447459679e-01
-2.628953539216177804e-01 -9.584692872233895322e-01 1.105561320593055896e-01
3.466129143951917069e-01 2.018078725178091004e-01 9.160420679009819711e-01
5.418732016021978737e-01 7.214124438258855132e-02 -8.373583905618403600e-01
-5.749784645442002073e-01 7.862241241073754106e-01 2.263877028064563701e-01
-3.612905909487318379e-01 5.650559038053152294e-01 7.417418246712763619e-01
4.930994516977713071e-01 -4.517263279292111355e-01 -7.435026936003312770e-01
-7.702719072173702664e-01 -4.243351594083163425e-01 4.760471210307163359e-01
6.719348374277471780e-01 4.645973149294896909e-01 5.767607035948750793e-01
1.633614621812914947e-02 7.657488553368912987e-01 6.429322055061331698e-01
4.232924540256536305e-01 9.030279418492496157e-01 7.323956993625933831e-02
3.271931277296354912e-01 -8.344894674292281378e-01 4.433643940554783391e-01
2.700101544767446460e-01 -8.083408507856463254e-01 -5.231439433182628607e-01
-2.755852139920968447e-01 -6.884467061667841614e-01 6.708903953680034338e-01
2.321134096257640445e-01 3.393875738870518605e-02 9.720964591123726350e-01
-5.592548735281998029e-01 8.192333626792692725e-01 1.268490595478509175e-01
-7.550915514125444705e-01 1.496572501432595903e-01 -6.383098436221663619e-01
-9.339986310852639306e-01 -2.527507867186519208e-01 -2.525145479847756280e-01
1.490886174662563735e-01 -2.662274411158635154e-02 -9.884653831257670387e-01
8.350494798464394020e-01 2.612209067138686613e-01 -4.842065717271660241e-01
-1.424345209909101129e-01 -4.605505966310509680e-01 -8.761310148447394308e-01
6.704415176272645605e-01 1.698275372204693934e-01 -7.222650337952685184e-01
-7.263735314581929448e-01 6.531513508307448257e-01 2.139504748882946616e-01
-3.389277348721134731e-01 1.798574101555004690e-01 9.234605040534298315e-01
-1.428757478217229648e-01 -9.143203804628268205e-01 3.789521903284041593e-01
-6.977045002608730506e-01 4.296089462397645331e-01 5.732753122422807879e-01
-5.829690367052132727e-01 -6.470546719560550386e-01 4.913932780806409273e-01
9.415071973508654102e-01 5.149428513636707810e-02 3.330353373664918792e-01
-4.100273039598415492e-01 -9.111742905938887693e-01 -4.048483874424441825e-02
-7.143967296714742732e-01 -3.932085766227108592e-02 -6.986352287047985499e-01
8.880752599284950088e-01 3.640599826614787093e-01 -2.806824927341563525e-01
7.716973982566190937e-01 5.138085693524364617e-01 3.748117922157300774e-01
-6.871340192780206468e-01 3.706479291468783299e-01 -6.248735489440750968e-01
7.613859013994589420e-01 2.905831718619425463e-01 5.795281955011215569e-01
-4.044345776246868196e-01 -2.287148848936114420e-01 -8.855067328087592449e-01
-5.439908622375364683e-02 9.903788093330999354e-02 9.935956106778350838e-01
2.080762360651221277e-01 5.423698499416443886e-01 -8.139651257021086606e-01
-9.872962031273077033e-01 -1.061158675027426834e-01 -1.182608555462979077e-01
-7.712398307294067168e-01 -5.584411477468649299e-01 -3.055038592221716587e-01
-3.886900407008288538e-01 2.459418251682155554e-01 -8.879373124792734329e-01
-9.901877996608040577e-01 -7.687818732035431313e-02 1.166956113880545792e-01
9.956955144780567368e-02 -4.198299680463827288e-01 -9.021245492473064509e-01
8.628033576879154953e-01 1.226342095377960795e-01 4.904398195635207292e-01
4.904083536959390477e-01 1.762312104873109131e-01 -8.534882583113934107e-01
-8.809815365842462720e-01 3.207581837869367125e-01 3.478300155699133867e-01
9.823204354145628203e-01 -1.519697233236136091e-01 1.093241298153718039e-01
1.645586975810246211e-01 9.662739979278877067e-01 1.980782572088450044e-01
-7.395479827546150853e-01 -5.696248907974804654e-01 3.586032138555624305e-01
4.917771054650251217e-01 -3.258153954827748555e-02 -8.701113272570961676e-01
-6.912666182537171577e-01 7.181860314988368632e-01 -7.974513557591764168e-02
-2.670455586156006422e-01 7.857096878989392463e-01 5.579847273585838430e-01
-7.306594168650261123e-01 2.660750982848528179e-01 -6.287613685804543939e-01
-4.422841217595834817e-01 7.409260093878968778e-01 5.053844123554662726e-01
8.307976672226150550e-01 4.543197107401453216e-01 -3.215102433367429402e-01
-3.347264039448142464e-02 -4.259455346211260540e-01 9.041294066013696451e-01
-5.623668047901588807e-01 7.540499001890499375e-01 -3.393410156391223342e-01
-8.421517018097592899e-01 -3.876350735946946791e-01 -3.748593881152796348e-01
3.017286869957900852e-01 -9.133548893217432463e-01 2.733910122806943455e-01
8.771884822614245403e-01 -7.309085003450520313e-02 4.745504127372894287e-01
-9.827966421468730118e-01 -1.716218309589181146e-01 6.824007124219298726e-02
-4.239447920343196730e-01 -5.429724712130200581e-01 7.248804789838138030e-01
-8.843942604739437607e-01 3.898384712153554754e-01 -2.566568884741269874e-01
4.244691521422312430e-01 -7.958192006549199560e-01 4.318538395668371499e-01
-4.102113717266987064e-02 -7.076089133204944703e-01 7.054125687102902331e-01
1.267541209047600981e-01 4.521040216614461982e-01 8.829129891621303461e-01
5.048703196426761013e-03 7.723933215960027132e-01 -6.351244502850826867e-01
2.191707341434389333e-01 -9.467534065450058378e-01 -2.358435423971855238e-01
7.643554037491602227e-01 -5.304959943214533347e-01 3.665171438941855486e-01
-4.806735603815037172e-01 8.198577685951539129e-01 -3.111047534582906948e-01
5.264249943824712563e-01 2.740388222557343934e-01 -8.048474695158737147e-01
-4.627434673233741386e-02 6.975175480700983588e-01 -7.150719928572040196e-01
6.724347231807916714e-01 -3.065851198849790099e-02 -7.395211955741519683e-01
4.190900058960237429e-01 -8.737904505478588657e-01 -2.466856612968026663e-01
2.528325651263172436e-01 -4.475576057906125449e-01 8.577691318243044760e-01
-5.922961256983896305e-01 3.992292913740930205e-01 -6.998580373130088850e-01
7.198480739953074803e-01 -6.894276553038203303e-01 -8.067377806650113947e-02
8.147960341007705054e-01 3.176151603426862757e-01 4.850031265199696850e-01
3.847308458336149428e-01 2.987482252658768545e-01 8.733451059945547268e-01
-8.648042442042943589e-01 1.683461040626968719e-01 -4.730467296717639769e-01
6.940075716196664191e-02 -7.298992263028538652e-01 6.800225395880941104e-01
2.906189785530854386e-01 -3.496052525039846648e-01 8.906833201123653954e-01
6.722061455439707345e-01 -1.570433042547378921e-01 7.235166193541596735e-01
8.924397031012851755e-01 -4.420901903063274574e-01 -9.004243423744710817e-02
-1.595140720111239141e-01 -9.665338025815163325e-01 -2.009170706976990961e-01
-7.687912927995936840e-01 4.868642584581642230e-01 -4.146361561073894086e-01
-9.761441518967550746e-01 1.960246100595840757e-01 9.336459162205335005e-02
-5.905795040904934234e-01 2.589844358526068313e-01 7.642924252760417980e-01
-2.683014565517957695e-01 6.687444269506634953e-01 -6.933939860098394803e-01
2.227827777720653157e-01 3.907863493104501984e-01 8.931146976289066064e-01
-5.845512518701831972e-01 -4.248155809456803933e-01 6.912536120142775964e-01
1.149489492183143335e-01 7.668081746283543776e-01 -6.314997722855777429e-01
-2.921877240242077428e-02 9.657639391262125006e-01 -2.577717541211936858e-01
-3.910705075317114088e-02 -8.226756620977393464e-01 -5.671643444130061162e-01
7.338979051811171939e-01 -3.246730024912848345e-01 5.966416899815684127e-01
1.678922792052108814e-01 1.268342765410575279e-01 9.776120134683217167e-01
-9.458354928724351796e-01 2.941041479613738518e-01 1.374698897019696053e-01
9.679778009801009997e-01 -1.339858261224927960e-01 -2.122893666861375983e-01
5.538463679012385343e-01 3.701235513101814312e-01 -7.458302471260770394e-01
-8.249501108445868036e-01 1.037759971056720354e-01 -5.555968475812541607e-01
-8.137434751951100331e-02 -6.341723682744488944e-01 7.688976673673489914e-01
-6.245636401034304619e-01 7.638236061722408765e-01 -1.627690330338856795e-01
3.793655722950207143e-01 -7.705491505014246956e-01 -5.121872403904691451e-01
-8.717144449790565908e-01 4.045031084145194189e-01 2.765703557828400605e-01
2.614622675678435204e-01 9.501323317122125633e-01 -1.699589211350666373e-01
-4.568627198558929403e-01 6.591868737182325910e-01 -5.972847902997855396e-01
-2.516759615257532223e-01 9.661370682663505960e-01 -5.690672817680494239e-02
9.549632191742185583e-01 1.626479441431338269e-01 -2.481751322965810580e-01
-1.673734975070828856e-01 -8.652645799739079324e-01 4.725498058139724900e-01
7.317442372150944063e-01 4.372849050798273685e-01 -5.228119002966804540e-01
1.621956036526920886e-01 -8.343431550751909676e-01 -5.268435116188818768e-01
-9.961048460838072272e-01 1.597299471021389888e-02 8.671792806762688988e-02
-1.700449893370482302e-01 -6.769498848122985635e-01 7.161169981602021339e-01
-3.708399865879535295e-01 -9.183186577630709779e-01 1.384505223958301390e-01
-4.954764403625119829e-01 -4.564414250422016983e-01 7.390293110230055085e-01
-5.935456129581121454e-01 4.855128783430388562e-01 -6.418573441982543537e-01
-4.054063319630250850e-02 2.111305156026506979e-01 9.766167940607010101e-01
7.854480792739619577e-02 4.425447648348092011e-01 -8.932999744010697851e-01
-6.153847102751081044e-01 5.607551947399999070e-01 -5.539451867574318733e-01
1.255839462871004286e-01 5.471455537872879082e-01 8.275629374287858386e-01
2.121790109570722005e-01 8.188661811568402893e-01 5.333275210102056407e-01
4.539620974036678858e-01 7.996478563968607567e-01 3.930416261425350721e-01
-6.913523451532753439e-02 -2.156839364650857058e-02 9.973741142339818122e-01
1.089750468574962466e-01 -8.565881240627059023e-01 5.043621961221329553e-01
2.631578119150658132e-02 -5.985093953514266651e-01 -8.006834476472900475e-01
-1.000733178281646568e-01 -6.960907642464854161e-01 -7.109451307869033565e-01
-5.288619638298907022e-01 5.761905108427248789e-01 -6.231448615119851153e-01
5.606641097948829033e-01 -3.460823329310640517e-01 7.522518028033589044e-01
-4.705219794773119468e-01 -8.649345189340845730e-01 1.746348899418883049e-01
-3.743397135048450730e-01 -8.448642678381068638e-01 3.821964780364810466e-01
8.812386599877786164e-02 1.459678317161146877e-01 -9.853565731985175491e-01
-5.928078997831983665e-01 2.360546257226062150e-01 -7.699720823702597139e-01
5.291511974950097175e-01 3.874627293056135957e-01 7.548984326309345905e-01
6.753153995826252087e-01 -6.049221224016799736e-01 -4.219221929640653013e-01
2.914748414296403078e-01 6.643808169719482848e-01 -6.882154799575876947e-01
6.126604187733799556e-01 1.060841989978793254e-01 7.831943270934773604e-01
-9.802399904918314144e-01 -1.920002018212140782e-01 -4.759709593228584473e-02
7.871002278256024054e-01 -2.318680527797120916e-01 5.715858968318142663e-01
4.178951994478772303e-01 4.624973518952293916e-01 7.819589514599337710e-01
-1.829855859538901119e-01 9.742193597390164106e-01 1.319580025720778482e-01
-1.729247771777795706e-01 5.964934537975620232e-01 7.837681934186095933e-01
-4.553652556427629783e-01 -6.478447217946903258e-02 8.879445118462236941e-01
-9.778060822190678403e-01 9.370764460268581064e-02 -1.873876808075024825e-01
1.542198652188522257e-01 3.607931944478626196e-01 -9.198067753675147618e-01
-7.829563131117859287e-01 -4.069272711347109994e-01 -4.705205710330384594e-01
1.893190606167542145e-01 1.851139753178966119e-01 -9.643086173156364405e-01
4.969021427949251724e-01 -8.489691970610409033e-01 -1.798320408807713155e-01
-8.997889909685237164e-01 -6.043863582767143583e-02 -4.321191306007363675e-01
2.591956089632428961e-01 -8.909136381453004461e-01 3.729484222528340331e-01
3.704366953863474921e-01 -9.263966767053860574e-01 6.757108923540400269e-02
-9.256612687788606797e-01 -2.992066962717009337e-01 2.315741099278667559e-01
3.778735799189116840e-01 -8.594336167570093554e-01 -3.443623324163546662e-01
-5.967881452518636332e-01 -3.263230864234322737e-01 7.330464875803753833e-01
6.505964157569261719e-01 5.556642204016559727e-01 5.176500535783423729e-01
3.675611702014938142e-01 -4.844063862350231342e-01 -7.938823836909559839e-01
-5.314028565825832384e-01 6.729872211767686796e-01 5.144892653385896297e-01
-4.400728008178099726e-01 -3.364282943151453154e-02 -8.973316499534661483e-01
-8.089314968687036922e-01 -3.190063260607179929e-01 4.938266875200259531e-01
-9.773768552140587040e-01 -5.365130985284355045e-03 2.114372206149797706e-01
5.367421715971858014e-03 -5.813140193660178978e-01 8.136616014490591908e-01
-4.294685729380402495e-01 2.816161030042907409e-01 8.580495996078780774e-01
7.613011704174733607e-01 5.405896080999869069e-01 -3.580270988839918123e-01
2.640903484781295107e-01 9.002538839352572930e-01 3.461202569919662464e-01
-8.143865166348959184e-01 -1.237564791844060763e-01 5.669734873723462076e-01
-7.036318277263047261e-01 6.839179495723345381e-01 -1.927653736108069227e-01
-5.029659900836813691e-01 -3.636695242635033520e-01 7.840725029875101892e-01
-1.084715910313620718e-01 -2.072619075557435020e-01 -9.722532672176932289e-01
-5.401268794297674480e-01 -4.602248820317457467e-02 -8.403242735379301553e-01
-2.411306118692988498e-01 9.568096863506891925e-01 -1.623922785265157487e-01
-5.293088632283027284e-01 4.198334149395604453e-01 7.372733760337130127e-01
2.649935236841845509e-01 -9.600717975742631971e-01 8.966925843321475742e-02
-3.702309030601997897e-01 -1.376432622636429848e-01 9.186856974899798578e-01
6.974795471210225584e-01 -7.023780257237136615e-01 1.420823364402187816e-01
-6.339633252722507439e-01 7.263434392256074013e-01 -2.655479438889835619e-01
3.614045891734763427e-01 8.559125278652379709e-01 3.698654722567235043e-01
8.470463586824983349e-01 3.628241328891395612e-01 -3.884213109961454635e-01
-6.814702770461794623e-01 -7.316579968773689879e-01 -1.657821184565257469e-02
2.390126208094396978e-03 -1.790270691522833357e-01 -9.838412452258000762e-01
-1.330516717274641270e-01 9.385088532618712787e-01 3.185881118303294235e-01
-8.959493670354702344e-01 -3.939263803024489752e-01 2.051748976131110569e-01
7.736404419688374112e-01 2.640418973150927551e-01 -5.759881448541347426e-01
-8.928974888286057565e-01 -4.393477853263914601e-01 9.852714332794362817e-02
-6.131797804279127267e-02 9.977681847908894675e-01 -2.643397412114412148e-02
-6.741522173948459873e-01 2.407160478174976692e-01 6.982654023397810716e-01
1.266247007087810406e-01 8.668271703438412690e-01 -4.822622128304276390e-01
1.119713558754479865e-01 3.520626881953614618e-01 9.292546900845157776e-01
-1.435096424470153897e-01 -4.584931954294190759e-01 8.770341910493856252e-01
8.626491960328616093e-01 -4.501700585765681661e-01 2.306150102335640939e-01
-3.919675694052227044e-01 -6.564265162517731733e-01 -6.445662520611225021e-01
-1.753139410931289777e-01 8.547506241461652055e-01 -4.885349450961886664e-01
-2.007452950119018864e-01 -8.547768654890017803e-01 -4.785998712446355441e-01
9.205385685540486973e-01 1.656467004595678361e-01 -3.537936042826679839e-01
4.239719743655384621e-02 3.415174359733350595e-01 -9.389186964672313618e-01
-4.703018816775357824e-01 -8.753405629369636065e-01 -1.122276212336738022e-01
-6.862018253232154974e-01 -7.221135119777020162e-01 8.763064956005096884e-02
-7.595938545009074394e-01 6.403595462809789085e-01 -1.138280619674832267e-01
2.122074871083153014e-01 -9.723581790728477170e-01 -9.740407591733409032e-02
1.528002009568742992e-01 -6.531893395971504201e-01 7.416170071028425070e-01
-7.667138498022678661e-01 4.282294551807009908e-01 4.782984489176451137e-01
-3.363218218274628968e-01 5.875297098324827605e-01 -7.360003208061902669e-01
-7.442888161399917601e-01 5.864847168039318825e-01 3.194837008743033335e-01
7.943085235784277387e-01 3.554261477639128475e-01 -4.926928280951160533e-01
7.735738595041530274e-01 -1.329857098227041068e-01 -6.195952589189178683e-01
-7.622573019647729820e-02 -9.828723602973631346e-01 1.677842704770143856e-01
7.203523931015574089e-01 -6.187598431470177074e-01 3.134145597472094980e-01
-5.327754097705444947e-01 8.462551734987928675e-01 1.595014218228315043e-03
3.021751287803823294e-01 1.028050370332816432e-01 9.476926273360708475e-01
4.596100543933518967e-01 7.167162464808393739e-04 8.881205347352139068e-01
-6.603074317064314691e-01 7.378638849724324933e-01 1.398248292923868485e-01
-9.551714836145813736e-01 7.737786704528991366e-02 -2.857623183364824682e-01
6.157639415947606665e-01 7.494414357576731911e-01 2.432535767489589218e-01
1.789658583489513455e-01 8.115805364873733829e-01 -5.561548834095502158e-01
-6.432934150754019420e-01 -5.571314957267043955e-01 5.251457688965528448e-01
2.924518808904827960e-01 -9.560652514788154921e-01 -2.027639707562381086e-02
-4.681167264176902543e-03 -9.517060723073170747e-01 -3.069749804241776459e-01
1.561367513880441704e-01 -4.846847450813739910e-01 8.606404666011189253e-01
-2.148469104487925330e-01 1.626219424367946753e-01 -9.630134520912428941e-01
-6.189092913505467308e-01 -7.707727509894471973e-01 1.511974054411105994e-01
7.871741377358904002e-01 6.119810735358053311e-01 -7.639399527266846346e-02
7.220817292741583682e-01 6.243085945533994874e-01 -2.980549530123602908e-01
4.120818268420699537e-01 -8.765996842339308648e-01 2.485187348822512909e-01
4.556962938330099133e-01 -3.646012253423726035e-01 8.120386901285552295e-01
7.924064640201318177e-01 -3.209340384888489384e-01 -5.187420734029095648e-01
-2.885675052322832224e-02 9.586282673273299748e-01 2.831945144776662482e-01
7.310955738158959605e-01 -5.123338094823708389e-01 -4.505700052245905085e-01
8.924903696804157294e-01 3.567737002645976485e-01 2.759954108807284312e-01
-8.810815429052049064e-01 2.347917021052486342e-01 4.105705437245876777e-01
-4.045275978957100227e-01 -4.531765875428991341e-01 7.943477846911263240e-01
-8.368897638933747718e-01 2.797368394118663892e-01 -4.704921080808384115e-01
-8.000602527191387481e-02 8.028088809578004525e-01 5.908442574617053245e-01
6.583758189988040410e-01 7.510701870551063086e-01 -4.934425067483902416e-02
-2.992786783637685910e-01 5.136407275786127880e-01 -8.041178244818039111e-01
-9.995979945646067399e-01 7.988036129963592413e-03 -2.720368616939496109e-02
1.520846207188148169e-01 -9.812875599736986532e-01 1.180889189622754132e-01
-1.183800896524502821e-01 9.395015588564212816e-01 -3.214389137615922820e-01
1.253191720405222309e-01 2.962041918525952847e-02 9.916742085414783636e-01
-8.130775225291007047e-01 4.957867434864794420e-01 3.051236590974414908e-01
-8.882543423303521646e-01 -1.777596098033407956e-01 -4.235631528518948863e-01
-3.833258350295695172e-01 -6.887715524957268576e-01 6.153495369881328836e-01
-5.035511156887596540e-01 -8.403371536858943447e-01 -2.006732219896198155e-01
9.649614402094789378e-01 -1.526613112607335399e-01 2.134102690898493915e-01
7.735173775685849629e-01 -6.258399928034273918e-01 9.997584711931740975e-02
-9.828638929910717970e-01 9.668964828646658960e-02 1.569384585392442355e-01
-7.378480821777727572e-02 -1.327342316742155248e-01 9.884014497248178044e-01
9.302359253774390435e-01 -3.557114831152437540e-01 9.016908515191450479e-02
5.745123958330436986e-01 -7.642847711393190302e-01 2.929237027601126475e-01
-8.241167512873744938e-01 5.662365183012196823e-01 1.441476984402119930e-02
-5.178241984555869148e-01 7.434180197494716369e-01 4.233057375061235472e-01
-5.250051837479252637e-01 -5.305845669461946024e-01 6.654694390851667585e-01
9.939759663606181905e-02 5.404639510949572623e-01 -8.354752152815798638e-01
6.317427852056211046e-01 6.874505837506861283e-01 3.582076886967748286e-01
-5.893045975742045028e-02 1.040051816758742927e-02 -9.982079092727248470e-01
-2.042614424613629909e-01 -9.736647988421534006e-01 -1.012626417750989161e-01
-2.869126103923885784e-01 9.430553824426634035e-01 1.683083469223890238e-01
6.036625295720284834e-01 4.271915692187682190e-01 6.731262241059295937e-01
4.301715840004854963e-01 2.718776293538040512e-01 -8.608338765263997550e-01
4.220165649422190184e-03 8.795596930463769336e-01 -4.757698357084597096e-01
6.020342517431436641e-02 9.340184725293214640e-01 3.521150956310646341e-01
2.783601973045009559e-01 -7.344628689142383982e-01 6.189344834010022112e-01
-8.082236998896061841e-01 3.849916259662788942e-01 -4.455961163122907354e-01
-3.900552194446251231e-01 8.996952120333695513e-01 1.959730880203600645e-01
-7.557701837433584702e-01 -6.548218967683815395e-01 -4.439918601648294716e-03
9.275159015349184743e-01 -2.951184276090428049e-02 -3.726168320630768305e-01
-3.334236438611415387e-01 2.788726413210479982e-01 9.005879877263414102e-01
-3.776218479623725255e-01 7.898582141954467728e-01 -4.832450117791828315e-01
-6.222903486418396302e-01 -7.381120538437032641e-01 2.606632270916781069e-01
3.445285763726733119e-01 8.258925470520278589e-01 -4.463200205979261925e-01
4.936416716569384522e-01 7.159129264478722998e-01 -4.937474878402794976e-01
5.052435307984958213e-01 -5.190179586163453651e-01 6.894558239800365751e-01
2.929268687257638448e-01 4.718902323231878859e-01 -8.315728820833968582e-01
5.192366032086280780e-01 8.483905587259163994e-01 1.030864188586101821e-01
-9.177593403849728659e-01 1.355228626922930224e-01 -3.732979330559244580e-01
6.505763309946678286e-01 -3.324685091907636503e-01 6.827994785777063980e-01
-7.437248274611991672e-01 -6.164281119508314699e-01 2.586305546808861378e-01
4.329421980211417553e-01 -5.358481243188492060e-01 -7.248640154101962940e-01
2.294266590999823885e-01 -9.536283751911887041e-01 1.948238438293265484e-01
1.140779112966320424e-01 7.948503336538412789e-01 5.959858867830468698e-01
8.169505368710313631e-01 2.077736365001204288e-01 5.379794942947635494e-01
-5.912929166451358354e-01 -2.455637139595884533e-01 -7.681608875174926743e-01
6.084137924631904948e-01 7.821337659088694050e-01 1.345341197085984097e-01
-5.453437648576900942e-01 -8.318523584031961571e-01 1.030622721944401410e-01
-5.923198867327741368e-01 -7.789270479050287577e-01 -2.059849650407292176e-01
-3.118644269363374244e-01 -2.049152126560933596e-01 -9.277663147763977047e-01
-9.113091473737906512e-01 3.816327728028299227e-01 -1.545058724957674989e-01
-4.347846265055058113e-01 3.962861895701094150e-01 8.086529444146426382e-01
8.939840543140336049e-01 4.480619761710789573e-01 5.742485690909208615e-03
8.253156810638552499e-02 9.502039164535780458e-01 -3.005013434615273482e-01
5.281061542995353353e-01 -7.345011339588493060e-01 -4.261595640181269351e-01
4.553984655434435425e-01 8.408145428615171335e-01 2.926484957987226521e-01
7.417852008712441103e-01 6.706113869470221589e-01 -5.923129696321290626e-03
-9.091167883791999582e-01 -4.059452902570196420e-01 -9.335462712277858843e-02
6.212042066198714824e-02 4.106287347819505273e-02 -9.972235926603879586e-01
-3.251330063230052358e-01 -5.342836218106326029e-01 7.802752973561813965e-01
-1.547151312565324677e-01 8.911374934879189302e-01 4.265409662158410886e-01
-6.425710330308697094e-01 -5.082135183167556525e-01 -5.734295835669325214e-01
9.322539312192473782e-01 3.579486873418940007e-01 -5.268154284447042202e-02
2.244405256316683583e-01 -6.138114429001798600e-01 -7.568764516213857263e-01
-4.375155720263980696e-01 3.380744096842294155e-01 -8.332381518816056598e-01
3.102470630319162925e-01 -6.644873204235184350e-01 -6.798553970341357777e-01
2.171304051585683792e-01 -3.918497540277193214e-01 -8.940403555903344568e-01
4.407644135829465459e-01 -7.941730080722492202e-01 -4.183490946187842785e-01
-6.953625140087257295e-01 -3.392770721764315489e-01 -6.335314060146134407e-01
-4.609165416695119033e-01 -8.338610438914061396e-01 3.036967255268839261e-01
-8.404913162741390886e-01 -3.065653459965693162e-01 -4.467572449348403141e-01
1.108218765265674144e-01 9.876433494104449595e-01 1.108112180622892323e-01
-2.202339401476693659e-01 9.363190006175287072e-01 -2.735027251959749051e-01
8.449164458351947002e-03 -2.085857006153021553e-01 9.779675951271490364e-01
6.760829462907709878e-03 9.868513735758402960e-01 1.614888778103647504e-01
-1.231149377345615720e-01 4.679842827386882509e-01 -8.751190908763050169e-01
5.135856933815747816e-01 -8.281535271548692290e-01 2.244804468427398780e-01
8.944470354018964064e-01 -1.589405709939661349e-01 4.179741568002391383e-01
4.829604602572480920e-01 -1.804274700408714793e-01 8.568518669424473044e-01
-9.350864319362355292e-01 -3.342060836797324241e-01 1.179816021259910835e-01
-5.524886414035845572e-01 -7.332904773011417188e-01 -3.962844647718165580e-01
3.929790316424663921e-01 -2.072140575086199032e-01 8.958960961295475700e-01
5.097098125746334363e-01 -2.713039680349405014e-01 8.164496701534199596e-01
-8.072876703699390921e-01 -5.182824285840066381e-01 2.822586428964409810e-01
-7.932867324974710588e-01 -5.821950504188730946e-01 1.781714997165702030e-01
-1.693994047865802210e-01 -6.104236897507050313e-02 9.836552601637748028e-01
5.662477884259006222e-01 2.890531805115287844e-01 7.718883992773476477e-01
3.639588096002410178e-01 -3.374045969792227040e-01 -8.681544349087111367e-01
9.980707454964365954e-01 5.899040526911142335e-02 1.936282702430853001e-02
-8.705144152059252072e-01 4.741710584441581333e-01 -1.317818661752549747e-01
9.545822489027969704e-01 2.685354413091637360e-01 1.290792269909100953e-01
-3.345692933765715971e-01 3.424553610183899699e-01 -8.779451655082256556e-01
4.090980687017359840e-01 5.510430413879425782e-01 7.273172187721366200e-01
-4.512818571517046018e-01 6.654174070246682282e-01 5.946127814252528676e-01
-3.899962817239919777e-01 -7.317132417866430982e-01 -5.590157708290008909e-01
2.417961523445167626e-01 9.284576667783204229e-01 -2.819591844787906476e-01
9.840475957288568054e-01 -1.445065285199771676e-01 -1.037699019723995614e-01
-6.891345811705094082e-01 -1.275363262149576404e-01 7.133218169455765034e-01
5.077306775118876070e-01 9.222258409791433964e-02 8.565655573834514147e-01
3.893027443955179301e-01 1.713576827242009604e-01 -9.050303408049422682e-01
9.773185290750590060e-01 1.597949879646535787e-01 -1.389750141138306749e-01
-7.955190949835134751e-01 -4.722557055446881535e-01 3.796365605379712349e-01
8.669344388153377157e-01 2.331786957227125479e-01 4.405137621652588931e-01
2.903748340318932364e-01 -7.953501546054704274e-01 5.320719757044196641e-01
5.047061410283376626e-01 8.632715516643548748e-01 -5.825744184279253203e-03
-8.790116832274402769e-01 -4.767888826117894219e-01 -3.289706288329482132e-03
-1.529995872738258156e-01 -9.057325087478110826e-01 -3.952717405677202978e-01
-8.033697361862740527e-01 -2.314601106686965670e-01 5.486558886490066067e-01
7.490176894517157624e-01 1.667641844375209181e-01 -6.412193132441518229e-01
-6.988279679562166280e-02 -5.230561881890994913e-01 8.494284070533025810e-01
-4.150119868921688937e-01 -3.264559242249750470e-01 -8.492299925663433502e-01
7.427428440741410398e-01 -4.139934875841116413e-01 5.262532278424527643e-01
-3.351016043770791569e-02 -9.337542421475675258e-01 3.563426502944332386e-01
3.180599668573192984e-01 -7.794772963708195002e-02 -9.448608410380574529e-01
4.706330487165707455e-01 -3.058380252372334684e-01 -8.276277156878782959e-01
-2.477945058141997337e-01 -6.089703903572755150e-01 7.534938264885810977e-01
3.710338225063541384e-01 -8.611385006440946954e-01 3.475260929265080456e-01
-6.155880745427720901e-01 -1.775133369562101604e-01 7.678153018033656574e-01
-3.648940441289008629e-01 4.285158568905413912e-01 -8.265751611031029178e-01
4.130207309320010345e-01 -1.253965395395886251e-01 -9.020474398233677693e-01
4.004336178688406855e-01 8.725515411426784662e-02 9.121619679426271610e-01
8.590240873061352755e-02 -7.977607824954691118e-01 5.968236842539809128e-01
4.731218099099247509e-01 -8.173598660793836013e-01 3.287531023583640799e-01
-4.413415752199169595e-01 -4.174671279494394094e-01 -7.943165685443359658e-01
6.691253333130571246e-01 -4.151813988176641379e-01 6.163567914726807428e-01
-4.707924638915327309e-01 8.751941298946476211e-01 1.113089885898288223e-01
-2.832874179341099974e-01 2.452793479719270475e-01 -9.271387600023478504e-01
-5.000405061726173050e-01 -2.401281904893516894e-01 -8.320444365050116975e-01
7.034039188342564586e-01 -6.388672045584768977e-01 -3.115631908750581269e-01
-7.131351616417432870e-01 -4.192724294547215957e-01 -5.618263709806973205e-01
1.900118430800220790e-02 6.881016075901997819e-01 7.253655165684926853e-01
2.357829566790783371e-01 7.441820290799381343e-01 -6.249796036145003342e-01
-7.811827307532105691e-02 6.473559762025918873e-01 7.581739744191428043e-01
8.194201854071891944e-01 -3.683802763501228816e-02 -5.720083211520701205e-01
3.632983709432446862e-01 3.637122891910268274e-01 -8.577456874630191574e-01
-6.518922266433962998e-01 7.181736637917939259e-01 2.434401640604652028e-01
-5.284609372868181998e-01 -7.943452983305708814e-01 -2.995740055179249572e-01
-8.497872725994940479e-01 6.209918891995962892e-02 5.234551385394897727e-01
3.967398915294461648e-01 7.566504107148620539e-01 -5.196899214283782209e-01
2.159560911185937071e-01 -1.719754434934329945e-01 9.611386026708190755e-01
-2.018127471607416949e-03 -7.571901861236084441e-01 -6.531913572603387230e-01
8.760790169688154050e-01 4.709371752023198132e-01 1.034588470814047645e-01
-9.394809883983897825e-01 -2.028117292643313030e-01 2.761211236229420551e-01
-8.618899402886048833e-02 5.609152475686370876e-01 -8.233744848811552774e-01
6.856709263919885666e-01 6.761805431153552481e-01 2.695092833521237075e-01
-2.380138510793975704e-01 3.345058334780311449e-01 9.118416825653025137e-01
2.708614106145221939e-02 5.081685288681956347e-01 8.608316253660367456e-01
-4.644510557739162104e-02 -9.753530296838955893e-01 -2.157065591361347068e-01
9.137920622021559192e-01 3.696944822176685408e-01 1.682559267132693326e-01
8.882006461703796374e-01 4.465328592401496821e-01 -1.082035940315135281e-01
3.014793127824636487e-01 -9.434265788998257296e-01 -1.380453338203953551e-01
9.656795575713490454e-01 -2.549763557893195420e-01 4.949798053660328656e-02
-2.199506789971671372e-01 -9.330455367814922685e-01 -2.846888215241720754e-01
4.182531864035979319e-01 -9.385475406588478231e-02 9.034686254665789118e-01
-8.253116342563546759e-01 4.155483548446387010e-01 3.823352862959675802e-01
5.159986293145176761e-01 6.925499194613801146e-01 5.041031874523060896e-01
8.039503131535820080e-01 -4.538499629500325483e-01 -3.842968970867596257e-01
-4.430216007260726063e-01 1.557583983663839156e-01 -8.828766519896463771e-01
9.863969606070032148e-01 1.616605186029845820e-01 -2.978108175134239546e-02
-6.070181353733512530e-01 -7.944042137620234145e-01 2.123507675995773072e-02
7.836599073057579634e-01 -6.210945262553906332e-01 -1.089674892445753954e-02
-9.403623460934779077e-02 -2.462610585828054477e-01 9.646308504325225019e-01
3.205724732975070990e-01 9.462794799168245952e-01 4.228989539196260916e-02
-9.190018565670592388e-01 3.891902734573617906e-01 6.298030384558560291e-02
3.151313898787456158e-01 5.643727482091391856e-01 -7.630043303887296124e-01
-6.358972937044898854e-01 -6.590469958010156670e-01 -4.016113658562989186e-01
-6.428605311349133711e-02 -8.857307841137949111e-01 4.597263114596021882e-01
-6.935894018723346433e-01 7.197396035323969654e-01 3.014373429761630155e-02
-6.051934714115394520e-01 6.721124677414876958e-01 4.266212522452412781e-01
-6.218362825053056625e-02 -9.314086330426760152e-02 -9.937092009036323503e-01
3.400120849543291635e-01 -9.245664798727819544e-01 1.719552452839474277e-01
-6.991024118093063233e-01 -6.887892277889869908e-01 1.918989772882127298e-01
4.935729728224506618e-01 8.130913088679870837e-01 -3.086555425430621002e-01
-4.179151245196888881e-02 -9.114552240030573405e-01 -4.092711132299877153e-01
3.021323398096870672e-01 6.968486789785155455e-01 6.504751861885443853e-01
2.897952932492155464e-01 -7.421264692604809809e-01 -6.043732221347778433e-01
9.832325429007706674e-01 1.651712206552653495e-01 7.728023323032667813e-02
-6.767968524063107116e-01 -7.050610218455162226e-01 -2.117427119101551458e-01
8.217877897697459799e-01 -4.991255387784342967e-01 -2.748427279818287383e-01
4.411062300685137383e-01 8.673308179150155395e-01 -2.305700459504956557e-01
-7.631490321644159858e-01 6.462013901963596929e-01 -5.226663831469570594e-03
-3.750648694166484054e-01 -2.456160309486349891e-01 8.938675008470279293e-01
6.999882922202937952e-01 2.644285709669265128e-01 -6.633957503714549286e-01
9.942715756375599678e-01 5.908314450483428265e-02 -8.906860229410185070e-02
-2.224104023006835684e-01 6.066053688525842036e-01 -7.632585010516871327e-01
-8.927347179657889598e-01 2.348113426095451428e-01 -3.845625524156582875e-01
4.405186328489368863e-01 -6.754017533503762216e-01 5.914184691774015956e-01
1.268973399750182307e-01 -8.857679487060814427e-01 -4.464439563397461508e-01
-6.958404674597488127e-01 5.145015060377358118e-01 5.010930493733674052e-01
-3.280969730067280765e-01 -1.349805079349774770e-02 -9.445476054326742421e-01
-7.966706443084006217e-01 -1.569286503690858481e-01 -5.836859456853275008e-01
-2.976177691883484799e-01 8.930367045369598245e-01 -3.375042337706560258e-01
-1.980680083177338291e-01 -2.829586306142636842e-01 9.384580317957468276e-01
4.949046511934654946e-01 5.703141479033873029e-01 6.555998466506131050e-01
8.181187578424141682e-01 5.732942796356099713e-01 4.489283911129115373e-02
-7.516646434987445113e-01 -2.477126250049282441e-01 -6.112599439903396714e-01
-3.857295615987295090e-01 8.373722595811012859e-01 -3.873246754247558488e-01
7.939202992247795798e-01 -4.427181354301563954e-02 6.064079196419261963e-01
7.153011910277452534e-01 6.954961743547577457e-02 -6.953467169900695577e-01
-7.947321941154654734e-01 -5.966603233707546972e-01 -1.113427058748100579e-01
2.203985508363236479e-01 6.222161851461881499e-01 -7.511800701106047251e-01
-4.356203768919558184e-01 1.638012338973704740e-01 8.851011484628236170e-01
5.692976962886553416e-01 8.177184733773258385e-01 -8.506839188491593928e-02
2.432139855893162006e-01 1.965566937391261260e-01 9.498486318146187601e-01
-7.524926115483658862e-01 -6.233683859134213634e-01 -2.125246456503708803e-01
-5.165852826579248047e-01 -8.562139228755369924e-01 -6.112611170014949601e-03
7.380821139432435299e-03 -6.815089881535929539e-01 -7.317725210372233446e-01
-1.374296836025434565e-01 8.837051847043234098e-02 -9.865615710791554305e-01
-9.271666549199931717e-01 -3.745076129338772986e-01 1.029766279500567844e-02
-7.609598051296475596e-01 -6.410591623071011380e-01 9.991659221153668946e-02
1.173290156212876759e-02 2.252818707873695536e-01 -9.742229815167964269e-01
-2.606590985499922519e-01 6.393802179527670326e-02 -9.633113534636723596e-01
-6.911531461544874189e-01 3.384829070356585312e-01 6.385425985832451357e-01
6.761989799732740503e-01 6.173029962133971260e-01 -4.021093761019087220e-01
-3.609050116804297104e-01 -2.883172276651112600e-02 9.321568024244976103e-01
2.707390003913682786e-01 -2.971142637330371761e-01 -9.156546881622230627e-01
2.848935936230047039e-01 1.579279043607128286e-01 -9.454598972652431543e-01
-5.097661596424254427e-01 4.913561392814970175e-01 -7.061923299454586633e-01
9.063092541690321857e-01 6.720071588013014352e-02 -4.172380610548019897e-01
3.620222816048337955e-01 8.933624747499218088e-01 2.661641529776801463e-01
-3.505251715456927930e-01 -6.194542171361919758e-01 7.024304783998555068e-01
5.713361533618217525e-01 1.230931027746448927e-02 8.206238363234460431e-01
-1.491192556956459359e-01 9.840539231839077194e-01 -9.696042412828308199e-02
-4.810688236271577489e-01 -6.645712751339205582e-01 -5.717672666398955217e-01
2.077688892064630255e-01 9.770841712946454205e-01 4.624511740031226475e-02
7.497365141897207597e-01 4.287996984274333734e-02 6.603457181484045924e-01
-1.929543722030264974e-01 5.297824088234397433e-01 -8.258929770551205474e-01
-3.951618043003474190e-01 8.737755429861592260e-01 -2.834844773551751795e-01
-3.396881189025254821e-01 -9.399731230350193423e-01 3.259616309101281278e-02
-8.942500033640818913e-01 -3.005963472254740143e-01 3.316003129040167585e-01
4.853380413505221092e-01 -6.423223306002839861e-01 -5.931854762468972142e-01
4.477657269723906430e-01 7.756521310044836581e-02 -8.907802711474747115e-01
1.750585908530289392e-01 -7.307643020752354612e-01 6.598015039245104241e-01
-2.829241335747749164e-01 8.525472370154333346e-01 -4.394509566473980278e-01
-2.608203082497524972e-01 -8.910573338439917723e-01 -3.714695069683931483e-01
-7.805569308355052582e-01 5.423541388778905237e-01 -3.107778398899741501e-01
-9.460475799040517497e-01 1.758546038590157873e-02 3.235501941595806397e-01
4.817349051415169003e-01 -8.185141761339165267e-01 -3.129952469864509812e-01
-6.983280044213958648e-01 -6.455598365712721387e-01 -3.091771266554222408e-01
-8.915603189951336605e-01 -2.755527600784296594e-01 -3.594313202914503069e-01
-4.087080512609924665e-01 8.608153266254038316e-01 3.032403374903170357e-01
-1.071221794814610218e-01 -9.553340589810892514e-01 2.754299809640530783e-01
4.097897533327306448e-03 6.167846578322486728e-01 -7.871212696265819098e-01
1.113326167174247261e-01 -1.832312119361243496e-01 9.767452950627762975e-01
9.355823228005151204e-01 -2.248232848433839581e-01 -2.722869953843247703e-01
-6.177400362985244753e-01 -7.245007353642799464e-01 -3.057710450819623449e-01
-9.207803085807650945e-01 3.040386420494943231e-01 2.443852030516796281e-01
2.523680971854003197e-01 -6.595810024100999813e-01 7.079994666542538395e-01
-5.420702809581544601e-01 1.488458406944513646e-01 -8.270457824146795200e-01
-2.540489349903987670e-01 8.511211997454092293e-01 4.594037896819954114e-01
-2.525985346505063567e-01 4.373152004984737773e-01 8.631045103030089427e-01
9.615474550914930862e-01 2.610030170040499864e-01 -8.546295526049108027e-02
4.739448400820211460e-01 8.724555150018079575e-01 -1.191539462315777814e-01
-2.065921374269654165e-01 9.478836274602697731e-01 2.425619870179956949e-01
-5.400450623478713075e-01 -4.256775364198387979e-01 -7.260509387234622691e-01
9.447028729518500700e-01 1.585952891340614013e-01 2.870261592625388269e-01
6.122090481779333127e-01 -5.020616294381560207e-01 -6.108471180049656057e-01
2.282704459495966606e-02 4.069041929158865312e-01 9.131855801656805216e-01
-9.639122347019299930e-01 -2.166392933053510050e-01 -1.547275682872616132e-01
1.899121830164496594e-01 2.866752886074443452e-01 9.390157834902271849e-01
8.476388689824231326e-01 5.290284723877840545e-01 -4.046261476037052440e-02
-2.754805609129322708e-01 -9.433556685294973709e-01 -1.849068500958282735e-01
-7.714114412122888842e-01 4.546931039131144048e-02 -6.347101150756288002e-01
5.830204274983720181e-01 1.711480770682412278e-01 -7.942263637247626296e-01
-5.118779008020266641e-01 3.259276075661689531e-01 7.948284150033287920e-01
-2.361626807737671474e-01 2.280433271380790661e-01 9.445757932307722315e-01
7.580735258624712314e-01 6.189888133658353331e-01 2.053713181395990794e-01
5.300859085740741161e-01 -7.509075891330531105e-01 3.938866868955897549e-01
-4.537520124807684629e-01 -7.898368089571355943e-01 4.126341313876759065e-01
-9.529642056922676963e-02 -8.646327861459021102e-01 -4.932836276912787588e-01
-3.691462412532752202e-01 -8.542936207275163563e-01 -3.659418835728551755e-01
6.446737919755294310e-01 -7.172554784309030929e-01 -2.644622479688700234e-01
-9.266584379762080603e-01 -3.314770826103141665e-01 -1.772768541904131967e-01
5.695604856683713635e-01 -7.908107477623588233e-01 -2.240964399287680153e-01
-4.819132207000350054e-01 -6.790331306969759062e-01 5.537812339998378075e-01
3.020804180386360005e-01 7.731391993783728322e-01 5.576766082795401314e-01
8.983782060643945577e-01 -2.159707744991823108e-01 -3.824568255774022929e-01
3.282282470126219320e-01 -5.925608945650860937e-01 7.356206930852652315e-01
4.859482989648739593e-01 4.645190062233083284e-01 -7.403217838146164409e-01
-9.935217213250978618e-01 1.081285598971110512e-01 3.496861149361711607e-02
-2.029919631873261243e-01 -7.226221273297206427e-01 -6.607658616899212412e-01
5.089007284653545016e-01 4.817776610043646990e-01 7.133795160534081026e-01
-2.589597098099244432e-01 1.026001428600813344e-02 9.658336299808629732e-01
5.803809395445794911e-02 7.001406633380365951e-01 -7.116422072858716863e-01
-1.202296070550764873e-01 -7.506545238309020318e-01 6.496634724529183336e-01
1.115466468651062776e-01 2.191158656046276465e-01 9.693015954869186324e-01
8.217014565232595436e-01 5.496517644793221802e-01 1.506308539188482565e-01
-3.002087410605677187e-01 -3.216739169096322626e-01 8.979981085563844001e-01
1.144470368019361445e-01 2.623207606717363194e-01 -9.581699715018510144e-01
-1.568154287696254257e-01 -9.837359750677863168e-01 8.759253768004701679e-02
-2.706186652114956348e-01 -1.002598136403876627e-01 9.574515694320748782e-01
-7.978823364215675840e-02 9.926155260909694800e-01 9.136878643942243639e-02
2.320301136783933238e-01 8.580476383179799216e-01 -4.581662108049098792e-01
-5.371139223684208153e-01 8.347966913437174785e-01 -1.209260870101743629e-01
6.705607157075330615e-01 -6.994354949985419623e-01 2.472616324583042091e-01
6.587334322331809267e-01 5.156949799331583817e-01 -5.478402622389418886e-01
-4.730238278871449209e-01 -1.378308179157680391e-01 -8.702017719377863614e-01
-7.079297427525388375e-03 -9.990077309121223603e-01 -4.397086678410264821e-02
2.922396713318095030e-01 8.827434002967236015e-01 -3.679131198156084248e-01
-8.393198286994375534e-01 -3.696226218641511241e-01 3.986493980407064264e-01
2.506559021564617740e-01 9.585575959110235189e-01 1.354213943046275181e-01
-9.212854262865433075e-01 1.257571938381121524e-01 3.679922438177001265e-01
-1.257458972931610464e-01 -9.919315392302505696e-01 -1.611802699599882566e-02
2.512151183234716534e-01 8.602582526187301237e-01 4.436740956232323452e-01
8.894046583770170988e-01 -3.077859187579696232e-01 -3.379751201961088136e-01
3.297984783003874432e-01 4.087469175675556565e-01 8.509752764268601055e-01
7.697830301613676207e-01 -4.152534964326062283e-01 -4.847665625598353012e-01
