2.105786854462601554e-01 -7.171358398102701814e-01 6.643589425117595315e-01
9.349747446271114981e-01 3.495319224997748830e-01 6.041243301737751759e-02
3.221241128730089609e-01 9.464598311694827348e-01 2.120952353098141605e-02
-7.074669621284525034e-01 2.302675715367202836e-01 6.681821181349587579e-01
1.895534032801941826e-01 8.271819867157993722e-02 -9.783798888537239558e-01
-6.769414815549753550e-01 -3.616419277454210879e-01 6.410657896399797329e-01
-3.303188368385200913e-01 -7.244207995315007365e-01 -6.050652619641854191e-01
5.921819330627648981e-01 -3.988931515582870846e-01 7.001462788546009008e-01
-7.314790078082060443e-02 -4.465110257165924024e-01 8.917832071332559840e-01
-7.017043247585583732e-01 -5.170831331577323969e-02 7.105893968735909061e-01
-6.591026868899534374e-01 7.449273084538580170e-01 1.032809433251603709e-01
-8.132575864911927299e-01 -3.959654795272973260e-01 4.264075949572637692e-01
-1.716655822687099819e-01 7.441103236401200860e-01 6.456243134490371460e-01
5.621469831700885988e-01 7.708161978924269464e-01 2.997218016418407016e-01
9.773961121495230442e-01 1.452785491259249717e-01 1.535935647052416864e-01
1.524051691185039081e-01 -3.599519613229079096e-01 9.204386182498820457e-01
2.800910465648338010e-01 8.681237076260200913e-01 4.097685125676061024e-01
8.186561078648580958e-01 3.802163656504829736e-02 -5.730240241110987620e-01
1.385309235649927750e-01 -5.345887334607541952e-01 8.336810356923426424e-01
7.753894797451517107e-01 3.698089793285617710e-01 -5.118715400454596498e-01
5.945001104845721862e-01 -6.190720450761290072e-01 5.131465888409380005e-01
-9.626467828148299599e-01 1.800658969995155567e-01 -2.022064397441816486e-01
-9.734685697409808380e-01 -2.155562601234057296e-01 7.677527237372609725e-02
-1.833651112469492361e-01 4.371959453627699554e-01 -8.804754064343580655e-01
9.453496926114133281e-01 -3.258710856611184981e-01 -1.104509889273682516e-02
-3.846490826577271815e-01 -6.597886056175472635e-02 -9.207018372793341898e-01
2.603783992115276669e-01 3.856205175367148352e-01 8.851553003167063061e-01
2.887886350191259388e-01 6.874633425705655165e-01 -6.663297058555136543e-01
6.900929208386632485e-01 -7.079147813983128756e-01 -1.504274671931341290e-01
2.663120702676758378e-01 -5.655242603081065411e-01 7.805512105126179989e-01
-7.222751419966104702e-01 -6.903912428308334182e-01 -4.097012419157960994e-02
-6.358532780680115071e-02 -9.555404876305134687e-01 2.879223551350992838e-01
3.978631055171371056e-01 -8.388652468287686181e-01 3.714970348887975948e-01
2.259829531654619361e-01 4.992581686362628779e-01 -8.364645754176214254e-01
-7.397312065393079061e-01 -1.545127366072804875e-01 6.549225574814392381e-01
-5.616048677784529763e-01 6.008479801594974745e-01 5.688424010442599821e-01
8.729979906194682560e-01 -4.798741146608437314e-01 -8.715126191193438288e-02
6.276339068635924390e-01 -6.808927254250950467e-01 -3.774397639601975718e-01
-4.441479514021029473e-02 9.892321765441000059e-01 1.394525971879903847e-01
-3.002835790098649094e-01 7.348439815039253808e-01 6.081398646894353721e-01
-3.051810622277780771e-01 2.114913399594121612e-01 9.285127529440280192e-01
7.356447386749096484e-01 5.573694419766368480e-01 3.849235295621407649e-01
4.404853412562068082e-01 -6.125779239242290508e-02 -8.956674310309659104e-01
3.900295530852242176e-02 7.273046599224309849e-01 6.852055904123363073e-01
-3.385004111575779517e-01 -6.280532672801470984e-01 7.006900635123084475e-01
2.213112289223019558e-01 9.421334800679552757e-01 -2.518051740690497864e-01
7.994424330517789778e-01 -8.325659778508515130e-02 -5.949454892353620572e-01
-3.675835098398748668e-01 8.655172742073967695e-01 -3.402384624677177172e-01
-8.531584828483828042e-01 5.179552020799583767e-01 -6.199202998898426659e-02
5.488805028690778576e-01 8.140817715371040375e-01 1.897394603692090509e-01
-3.115523139951874576e-01 -8.109015272658799400e-01 4.953522673028839529e-01
4.941265962634646680e-01 7.858517604750975272e-01 -3.718546993427309100e-01
-8.250300278005480437e-02 -9.950139894479563818e-01 -5.603940876861856352e-02
3.169497975542492907e-01 2.098811757090615071e-01 -9.249284934054645690e-01
-2.952004679814970167e-01 -9.143367710807651649e-01 2.772092219842360872e-01
4.370029083878583243e-01 2.181368300673054428e-01 -8.726080342448954141e-01
-9.246071366870800556e-01 3.704132327097814370e-01 -8.885763794299599005e-02
-9.162399143997104201e-01 4.003184276837660760e-01 1.579796561613845685e-02
-1.111930934500081763e-01 -9.083032021642485354e-01 -4.032634237160495627e-01
-2.366248048017569050e-02 -4.873872116193650461e-01 -8.728652776731501417e-01
-4.676313143682814255e-01 -5.667418970248425669e-01 6.783248307255723697e-01
-1.712710116612889688e-01 2.124927535859455763e-01 9.620358986222818931e-01
2.499043127421675392e-01 -9.407872854921525141e-01 -2.290570189476240637e-01
2.308731091337673236e-01 8.849991735434366014e-01 -4.043192677901236154e-01
-7.329156861270592627e-01 2.668620955528926419e-01 -6.257948697345008249e-01
3.386346006373178730e-01 7.418448467137457314e-01 5.787856517359973862e-01
7.242710750811548470e-01 3.054149609482063044e-01 -6.181853374432247916e-01
9.726850152031956132e-01 2.276725481017599084e-01 4.526667692697375345e-02
3.641558496213307961e-01 -4.926711226955030054e-01 7.903579455212174087e-01
9.476258732972162591e-01 2.206934430161554272e-01 2.308670796526934854e-01
2.419219938553760496e-01 2.889074724479424039e-01 9.262862523285018135e-01
9.640244175145793459e-01 2.463211107274873926e-02 2.646699483125650176e-01
9.992437868336188078e-01 -2.961954332349731045e-02 -2.519002039929598910e-02
4.886766566077495044e-01 4.722031038091307753e-01 7.336343462786449887e-01
4.668544958635009734e-01 6.832088740720312359e-01 5.614913303705265646e-01
-5.534018708816718091e-01 3.440013869061208651e-01 -7.585574566974677690e-01
6.591377269464470112e-01 -7.064305318018380131e-01 -2.578630657035698159e-01
-7.349286455605421597e-01 9.530506880739120223e-02 6.714140524253014997e-01
-1.768889681189138030e-01 6.646146871305477211e-01 7.259460108080972862e-01
9.809535737677211875e-01 -1.653674151722411556e-01 -1.019004617829943754e-01
4.563899032327889960e-01 3.880388945532423639e-01 8.007084816217844292e-01
4.667216481165097908e-01 6.960619533224102762e-01 -5.455901944833683181e-01
8.310281889931726562e-01 5.100627680635985151e-01 -2.218741123565966256e-01
-4.849399454609710780e-01 -1.713321815746971510e-01 8.576004505905797659e-01
7.091120472255663110e-01 -3.939302733730004058e-01 -5.847897435829729762e-01
6.734633692123233040e-01 -5.563414969022574263e-01 4.867558208729932945e-01
5.068278837677401283e-01 -7.605608432033529320e-01 4.057988418186023738e-01
8.131827848099764111e-01 4.664169754736169349e-01 -3.481220525602121141e-01
-1.375446132863843707e-01 -9.751504567114228639e-01 -1.736751741942476335e-01
9.712709441466069737e-01 7.167495569849663406e-02 -2.269260976225021820e-01
-2.727786929822195727e-01 -5.585266142969452785e-01 7.833516488633336383e-01
2.267146375696412197e-01 9.735359496384035083e-01 -2.877894844010537787e-02
3.792801497867362981e-01 5.391132305277107628e-01 -7.519996626646360260e-01
8.797851000532777022e-01 -6.234898087671829001e-03 -4.753307309338211106e-01
5.353883086621166187e-01 8.436575997089311718e-01 4.001516464146217394e-02
7.100203438556842439e-01 -3.147574204264740327e-01 6.299197390124618989e-01
2.670985660482213531e-01 -9.662186265783510863e-02 -9.588131057049202877e-01
5.757905919233334835e-01 -7.941019390850497794e-01 -1.945952327112394353e-01
-4.401124942237126247e-01 -2.920588818229021832e-01 8.491187207785130253e-01
8.796295331598803502e-01 2.665841411598662281e-01 -3.939349947326175605e-01
-9.445985178467015686e-01 -3.282275421525851500e-01 5.662634437059453673e-04
-8.503251920065932890e-01 -5.021406032231207073e-01 -1.574861340997071868e-01
-4.283838556237046236e-02 2.800262482890343851e-01 -9.590360644895361553e-01
-8.953935759227275026e-01 2.600946812487793247e-01 3.614154133160439319e-01
-8.287066720259103070e-01 2.096395613495345978e-01 -5.189378633872414603e-01
1.005691277058278488e-01 -5.070275916589184195e-01 -8.560425642741404939e-01
4.888848295683236866e-01 -5.330837075529214486e-01 -6.905167515416136270e-01
3.427948316869993683e-01 -9.271457665151926486e-01 -1.513024487628604198e-01
3.012282430818725987e-02 -7.176984132564225849e-01 -6.957022373579889729e-01
7.971645038146968343e-01 6.031851137421964104e-01 2.639076387075322064e-02
6.069454519051087349e-01 7.726919150697505456e-01 -1.859150956688161160e-01
-1.171418809052116039e-01 7.909334891474835150e-01 -6.005847113296980400e-01
-4.302253349107499902e-01 7.985605246625773757e-02 -8.991825021014585584e-01
-2.185358050952488154e-02 3.366372988589683146e-01 9.413807678276902013e-01
2.711723908519149129e-01 -8.182780983291668697e-01 5.068397066474358281e-01
-9.432292889738198571e-01 3.183201257196114353e-01 9.481986070329907756e-02
3.891585588720830047e-01 -7.866013811393232080e-01 4.793890729316976906e-01
-2.777314628903674865e-01 6.196590188237716124e-01 7.340898684160795939e-01
9.005596822763386466e-01 -3.184294260467183668e-01 -2.959644561191386858e-01
1.420224065066862107e-01 -6.798839543450470035e-01 -7.194355041796252070e-01
7.730976616270766044e-01 -3.749363334521202407e-01 5.116080056490778238e-01
-9.536596121616496280e-01 9.306368681115770314e-02 2.861337000928183549e-01
7.174148569796123809e-01 6.956577914927599693e-01 -3.709663219670864681e-02
-4.590443140881381723e-01 -5.548602614466565663e-01 -6.938360094220382690e-01
3.487945102835493527e-01 -8.335124998166265620e-01 -4.284848915020192384e-01
8.979640519599010329e-01 8.919508045168118848e-02 4.309347967047620354e-01
-7.559368607908231175e-01 5.386473551224956191e-01 3.720463537212209681e-01
-5.420742761734845816e-01 8.308202496186355146e-02 -8.362134035276097555e-01
6.364369569480501365e-01 -3.015337311581544472e-02 7.707391088561968973e-01
5.305203369503233013e-01 -3.789703703470378438e-01 -7.582411426987752945e-01
-5.566370007890515392e-01 6.943980648970193847e-01 4.560335259822948517e-01
-8.562203026397618988e-01 4.448513624030327462e-01 -2.626672014463178328e-01
1.837302224671371331e-01 8.754551432422464918e-01 4.470139791134883911e-01
4.488020350836372518e-01 7.510506754485223313e-01 4.842516042442234214e-01
3.309277427949486317e-02 7.361471983645205830e-01 -6.760119604197502019e-01
9.219891095299033168e-01 3.433353161757641825e-01 1.790445267936005003e-01
-2.953414859812013293e-02 -2.910562541606584452e-01 -9.562499626042085810e-01
-6.350887249749718189e-01 -6.616628426886841385e-01 -3.985782156801775944e-01
4.695017767786378859e-02 -9.046621192795731847e-01 -4.235352768738494533e-01
-1.789161978209170833e-01 -8.044382826013225518e-01 5.664521547692630277e-01
-4.413833695440095850e-01 -8.040091272959390967e-01 -3.984344918738824681e-01
9.586295316279539458e-01 2.780429339607551897e-01 -6.100449135321740768e-02
-6.808224693438233999e-01 -7.146279017437513481e-01 -1.605855762075231730e-01
-1.720634927291304628e-01 -4.126129127836128396e-02 9.842213472140779462e-01
8.310166897642312644e-02 7.980517563201299236e-01 5.968312214082712730e-01
-2.788454288983444052e-01 -6.415125918337817312e-01 -7.146375454041035136e-01
-6.883329205177978194e-01 6.653272987001540573e-01 -2.890283310262079519e-01
-2.818046719121600763e-01 9.474288803699669748e-01 1.515408972171893021e-01
-9.808399997346117782e-01 -1.861508847275424039e-01 -5.745209339754263345e-02
4.191070011820928753e-01 6.397933868654965828e-01 6.442156034149826294e-01
1.993594191773593038e-01 -8.305708595681013939e-01 -5.200075665041532513e-01
1.732962171818589192e-01 7.357441854020505545e-01 -6.547128490854070559e-01
-5.805345475465839566e-01 -1.429000082210415135e-01 8.015979208776113918e-01
8.503268944027468912e-01 -2.981010122698734069e-02 5.254098690738657762e-01
-7.842581228634303014e-02 -1.660961906090245299e-01 9.829859853692716198e-01
-3.304784301159250370e-01 8.265767878126732970e-01 -4.555818489332040255e-01
-8.776358175391205108e-02 6.844782491178353911e-01 -7.237313591397757095e-01
7.801642276193718750e-01 6.091847452809914243e-01 1.422593549120847456e-01
-6.000443548723956300e-02 9.267987272120559172e-01 -3.707338492233625549e-01
6.237093264818575067e-01 4.685072598904546637e-01 6.256897182226073273e-01
-6.092806630905564513e-02 8.969705883433443105e-01 4.378715957707629003e-01
-4.630189714349276509e-01 6.901019343371568304e-01 5.562128660103576872e-01
2.872585049529766676e-01 1.032570333033208318e-02 -9.577974374485008768e-01
1.753286270973193062e-01 -1.941143004607826517e-01 9.651836669136036884e-01
-7.008051330335518525e-01 -6.602013865157279060e-01 -2.701967704406108561e-01
5.624808074711615813e-01 -6.530328996120084994e-01 -5.071127815889899804e-01
-3.298019573993705156e-01 -2.894431891794762568e-01 -8.985840579117558846e-01
4.951904813069614719e-01 -6.111437813893314530e-01 6.174865712646135929e-01
6.725317503679535680e-02 -7.763809255071522086e-01 6.266655160100387256e-01
1.159806090463660205e-01 -7.849189366738434925e-01 -6.086466636530892815e-01
-2.500235345593985192e-01 -2.402443940327707583e-01 9.379610137432430328e-01
-4.151321170987180564e-01 7.660595894101528414e-01 4.907321375515202311e-01
2.632172107258768379e-01 5.232896187886374451e-01 8.104842224533009842e-01
-6.071089850819136879e-01 -7.513204387335663537e-01 2.587204641577671715e-01
-6.368647549815724673e-01 -4.308131834643781910e-01 -6.393772632926117971e-01
4.555974812944604824e-01 -8.893822585681530057e-01 -3.781710171807099036e-02
-3.438486749334547232e-01 4.077881587861690860e-01 -8.458586798634234460e-01
-5.782636566762529018e-01 7.827826972107390091e-01 -2.299182296271639059e-01
-6.749483148109558517e-01 4.946873008704690822e-01 5.474753388887403371e-01
-9.749143778883624656e-02 8.278590502620524205e-01 5.523991423391950706e-01
-7.973165008018032740e-01 5.120120853787888393e-01 -3.195778809229952167e-01
2.351635894016627093e-01 9.284459270639376927e-01 2.875521635079653082e-01
-9.717628276608472060e-01 2.355165496899706556e-01 1.445550409795974371e-02
7.840306405746576557e-01 6.118120734129108840e-01 -1.047947587729795710e-01
2.945382523071489733e-01 -9.468501901575542279e-01 1.293133223084681482e-01
9.276322938818165609e-01 1.605130743081275568e-01 3.372445408360418839e-01
-6.526528500104668284e-02 2.417134794989564961e-01 9.681503170490829424e-01
-7.441153849966256617e-01 -2.632594936562441257e-01 6.139924533829238529e-01
-1.739744759804761065e-01 5.425326114707144098e-01 -8.218219072269159486e-01
-1.480569140451005183e-01 -2.459859380457296574e-01 9.578987777877181475e-01
-2.077867575556161805e-01 4.309944846685552777e-01 8.781050151148267480e-01
7.267038620770736035e-01 -3.714875025895431060e-02 -6.859456736480401551e-01
-2.557902860437523684e-01 9.643273240354262033e-01 -6.814793969247713579e-02
-1.360989853508477732e-01 8.802997211044876202e-01 -4.544771360693858342e-01
7.249008337850865180e-01 -6.871336610140746926e-01 -4.864270838554453358e-02
5.480248431548453425e-01 -8.324076100079337293e-01 -8.225777827042771162e-02
-6.387675072201007831e-01 6.488465095145028450e-01 -4.134903612064790290e-01
-9.414326066150141559e-01 -2.380711574622429438e-01 -2.388027872254591677e-01
5.306314801163162231e-01 7.188053077012483971e-01 -4.491649607105180353e-01
8.043998264318430458e-01 3.405726062653135489e-01 4.867763542922688424e-01
2.255977928962950574e-01 8.377719531690833721e-01 -4.972361514648543923e-01
-5.046686993386276798e-01 4.697470311815442612e-01 -7.243253623917798034e-01
2.649784388024133963e-01 9.554825409225310429e-01 1.297672568950253291e-01
-1.521638934169643534e-02 -9.972161748495237399e-01 7.299563078627703538e-02
-8.042646323522606444e-01 -5.941680015757127009e-01 1.108093185643724450e-02
3.898676849718833992e-01 -8.750576608635789455e-01 -2.868401617253519831e-01
8.753476876636917536e-01 4.012554020556922119e-01 -2.697415949069642549e-01
7.848767026746118480e-01 -3.187905563456633340e-01 -5.313578293235655670e-01
-5.335851610238230569e-02 -8.647431509481109391e-01 -4.993717569583650540e-01
-7.932337193425796906e-01 5.569594140141410632e-01 2.461228913347196234e-01
-1.499622198606445911e-01 -9.188827434413447959e-01 3.649189450003596513e-01
8.935479244777106977e-01 2.921475817840558098e-01 3.409133278698619485e-01
-3.324461137490679619e-01 -8.577980911164436728e-01 -3.919974698006699620e-01
9.938856462943761461e-01 3.771606263455357100e-02 1.037729285958369635e-01
-3.709840113155937757e-01 -5.011715887982116646e-01 7.817914695938217307e-01
-3.010159974591452570e-01 -1.315191926314653037e-01 9.445062579164011929e-01
4.197813406412461701e-01 -7.542732924936842998e-02 9.044856792961099012e-01
4.629777501930996131e-01 2.923317094987321618e-01 8.367758209028776095e-01
-1.806151977107379181e-01 9.570583957676176423e-01 2.267540020520593946e-01
6.354504759657988444e-01 -2.835807905432412013e-01 7.181814727697382050e-01
6.962496712991188552e-01 -6.740272901577979425e-01 2.468270798320251480e-01
4.929663452343112096e-01 5.384391122200741231e-01 -6.834233716357556165e-01
5.482341464709518108e-01 -2.602387011388588092e-02 8.359198997676529075e-01
-8.600477904046628375e-01 -4.245407685200790482e-01 -2.829892826317594867e-01
-4.572071885863682184e-01 -4.263818983775847227e-01 7.804870680804879557e-01
7.680970456703970495e-01 -4.309344501131596727e-01 -4.736268870514814822e-01
-2.351606051057453795e-01 -2.574564756700299939e-01 -9.372383117125906438e-01
3.052707141909489219e-01 4.111953465234911564e-01 -8.589110419914125494e-01
8.521233841068162063e-01 -2.739944003678738138e-01 -4.458842975766210692e-01
-3.379442588380154322e-01 2.625167621876002833e-01 -9.038133808972754757e-01
8.833550219218021249e-02 -9.903946273915961163e-01 -1.063734980449397710e-01
-8.673211651430845492e-01 1.363215205585981693e-01 4.787174944865019155e-01
-7.075391888496738169e-01 6.777268882912982351e-01 2.001863160381845974e-01
1.558252088480298059e-01 -6.237892517840701867e-01 7.659017388974501683e-01
-7.368936599343109961e-01 -1.065685114123962329e-01 -6.675559050176711473e-01
7.156821626870216724e-01 6.132540454405590591e-01 -3.342432015201152740e-01
-5.349485332106280744e-01 1.821136530477461546e-01 8.250240506733139689e-01
9.234744195719554183e-01 -1.471574723152192093e-02 3.833776769448870581e-01
3.525717123648983153e-01 1.056825897598417802e-01 -9.297980306828664832e-01
7.959147915233433235e-01 -5.373565898909490324e-01 -2.788683200636519754e-01
-7.529470136684192072e-01 -4.887671762214794158e-01 -4.406556955904358808e-01
4.461373868035093393e-01 -7.983606294834093564e-01 -4.044523919906897746e-01
-5.987704027737877910e-01 -7.351239578082899850e-01 -3.179100052190733661e-01
5.721443811292894477e-01 -9.136632871536187403e-03 -8.201020235811842252e-01
-1.526775294267889160e-01 -4.702121833139025764e-01 -8.692468433484846768e-01
-6.235596355385232548e-02 -5.995700098368606651e-02 9.962514199951300053e-01
2.240481901905227169e-01 -4.475003356233802077e-01 8.657631651261870065e-01
-9.271235354980120746e-01 -6.372595673298531160e-02 3.692979181692364610e-01
-7.685028921895379339e-01 -6.249581206284713364e-01 1.372248233988463406e-01
-6.409444988424419787e-01 5.484568963624606580e-02 -7.656252998248788133e-01
6.585187242905335969e-01 7.141517143754546604e-01 2.373613671458926211e-01
5.369304923867030954e-01 -5.897926692767524459e-01 -6.032000112837997419e-01
-4.970276980599672711e-01 5.853402920258404807e-01 -6.405780279500022933e-01
-2.925511667480961697e-01 9.727861950457501738e-02 9.512889597917195683e-01
-7.672631135533899416e-01 -3.585522289719128008e-01 5.317401749723551507e-01
8.502441184778075645e-01 1.584378808618268630e-01 -5.019784625876988482e-01
8.291507159434494123e-02 -6.913490543394833487e-01 7.177475712020258136e-01
5.976753592765076117e-01 6.387204271458302163e-01 -4.845826873303932802e-01
7.308563678306566613e-01 3.921765413007603507e-01 5.586112512783404371e-01
-9.778090696345425048e-01 1.640300083792232185e-04 -2.094979628411381134e-01
-2.676165588674412343e-01 -1.428303058021892780e-01 -9.528803078899272805e-01
-8.437948814157267829e-01 2.708436586211682151e-01 4.633075767579456494e-01
-2.475939685848173658e-02 -9.491597033986962639e-01 -3.138197407928683957e-01
-2.825739858284624928e-01 -2.177159644231223268e-02 9.589984046500646953e-01
6.769472882241390765e-01 3.499158581506576771e-01 6.475347567356315448e-01
4.647977574838198928e-02 -1.748189470912521470e-01 -9.835029060375398702e-01
-4.711155382251546175e-01 2.053212902683757834e-01 -8.578422450575353686e-01
-8.121991768297419645e-01 3.886958350931364325e-01 -4.350264876284420379e-01
1.830786897703241267e-01 8.204116339076091835e-01 5.416705126744750798e-01
-3.511106546866411549e-01 -3.711257814658373566e-01 8.596435089599000490e-01
-1.821872292709746100e-01 -8.694766435075975686e-01 4.591494091092001573e-01
4.431099921775947803e-01 -2.275036306581867673e-01 8.671191572498645472e-01
-9.051183407028984274e-01 -3.931364478444179800e-01 -1.618781106249546908e-01
-4.427510427343022137e-01 8.099812342077904459e-01 3.845801794020493602e-01
9.600833915226439919e-01 -1.461381549592353501e-01 -2.385026645291160874e-01
-9.890433800767974015e-02 6.079659972688317149e-01 -7.877786986763337662e-01
-2.096067942182310018e-01 -7.029375948171314725e-01 -6.796644242641088907e-01
-6.606954910038695949e-01 -7.119985339080797671e-02 -7.472697297792032511e-01
-3.630131405065384342e-02 -6.607087905262576388e-01 7.497640353601430219e-01
3.796261725541495990e-01 8.268692008195250853e-01 -4.149352887474952456e-01
-4.381026940062400787e-01 -7.425127901816787057e-01 -5.066959501723822257e-01
-5.294681900326896340e-01 -3.091830454902804171e-01 7.899805568017879143e-01
-6.791276013432312464e-02 -7.462659448397991335e-01 -6.621744457341282031e-01
-9.466357018905694476e-01 -6.975531668092586901e-02 -3.146665595529543058e-01
-9.570560401153531682e-01 -1.274595847466122311e-01 2.603800882074907008e-01
-8.034454249416599358e-01 -5.516509711815782424e-01 2.239568153344237700e-01
4.718856677852824588e-01 4.759314856720704007e-02 8.803742435738894923e-01
8.980580831674515041e-01 -1.098916655713817192e-01 -4.259289859771819842e-01
9.276412595390458593e-01 -3.524655186721816769e-01 -1.234898852050754781e-01
9.482153389489501594e-01 -2.573520694744085291e-01 -1.861654729512610407e-01
-3.547078028220940205e-01 -4.685581269366831947e-01 -8.090955792109543188e-01
-4.629674465479877710e-01 6.013812183608036044e-01 6.511541857653313503e-01
8.252418314796100551e-01 -5.431958604622434406e-01 1.546420924356034787e-01
3.700382196341541752e-01 2.398857508592555920e-01 8.975113049676179955e-01
4.612706988524987173e-01 -4.252493709924569654e-01 7.787119588465605258e-01
-7.461705140149311744e-01 -5.150772271972668959e-01 4.218115859450382588e-01
-9.734675647460412362e-01 -1.323137382112785365e-01 -1.866921933771452657e-01
8.398262898897868034e-01 1.007060777669075147e-01 5.334323656385705492e-01
-1.535204935315070407e-01 8.402695941368994170e-02 -9.845663655424823357e-01
4.270096481401074451e-01 -6.973116929572764633e-01 5.756901625530168598e-01
1.475319891199024791e-01 9.696040217597905464e-01 1.951982407030470601e-01
-3.744407626164826253e-01 9.083665178864654965e-01 1.861837384789674643e-01
5.180257446031801827e-01 8.250969546606412575e-01 -2.255312469216998184e-01
6.783126664488875468e-01 7.232242330916639483e-01 1.297637669150175088e-01
4.900653020280786032e-02 9.982535281683234674e-01 3.298868740910140124e-02
7.660968786945984155e-01 8.254983793271013226e-02 6.374018329999351362e-01
-5.300447716154605970e-01 3.520427517784822102e-01 7.714392011061845800e-01
6.924312842995952177e-01 4.235527488045636724e-01 -5.840736130859802699e-01
-9.039439843515687523e-01 -4.127187188351207348e-01 1.120202315553190248e-01
-8.644848515933909461e-01 -4.606597238315686127e-01 2.011431336262208824e-01
-2.744489595788868197e-01 5.348457252329648082e-01 7.991356698246490087e-01
5.218037402593276308e-01 4.373359027061082260e-01 -7.324330446229265767e-01
2.234696081602597847e-02 -6.937131976963842317e-02 -9.973405804115792472e-01
4.512782911292522736e-01 8.300643298689143190e-01 3.276295350464183964e-01
-3.234686205613079846e-01 4.642787197046518988e-02 -9.450992033730949426e-01
-2.075727779888887348e-01 8.242445240715041699e-01 5.268154386273387058e-01
-4.430729447233570095e-01 8.950641731200769113e-01 5.046277490434129820e-02
-6.985488414403798751e-01 -4.680265386739240752e-01 5.412768932988076820e-01
6.087148890552221969e-01 7.902975435914493252e-01 -6.997125435355586176e-02
-2.595580104645781594e-01 -4.350436264279562426e-01 8.621871503960627514e-01
7.801408670455309835e-01 -5.674946443764573578e-01 2.633060124066393670e-01
3.244178593985512782e-01 -6.167206435176296742e-01 -7.172229084200132387e-01
8.853597743148940158e-02 2.802029374634170678e-01 9.558492007304933979e-01
-5.116792289717951858e-01 -8.009837899678960982e-01 -3.108204221853747007e-01
5.404982513938144661e-01 2.298659683081542837e-01 -8.093350831725902861e-01
2.260489233316932689e-01 -3.401413336458132819e-01 -9.128010502876460208e-01
-9.168275331479824874e-01 -7.307732786147867234e-03 -3.992165721802029554e-01
-4.038872222599343975e-01 4.959876878600502081e-01 -7.686815499193380141e-01
4.048807886465024541e-01 -5.847428677320868351e-01 7.029561334972770359e-01
8.653533507970952998e-01 4.677456376921499404e-01 1.799377578058679872e-01
-7.209260423945462737e-01 -5.804631945440726914e-01 -3.785870060858229635e-01
-6.703027751088806996e-01 -7.394750623529375844e-01 6.221592914561784038e-02
9.380996776938776982e-01 9.874607370616904356e-02 -3.319912764490336454e-01
-8.315140976517407800e-01 -3.124356530888466876e-01 -4.593128215991333363e-01
-5.631304275674963167e-01 -7.093089029130594803e-01 4.239870302213513131e-01
-9.230877282376012127e-01 3.242063551616097827e-01 2.068798812112204732e-01
-3.620341819976745368e-02 -2.810810350774018973e-01 9.590009198277491542e-01
5.689198849949851644e-02 3.304236956962010585e-01 -9.421164911872825787e-01
-4.405522672114301486e-01 4.207579305206550768e-01 7.930173161784328517e-01
3.163817959551302739e-01 -7.867741706677293667e-01 -5.299895881602890713e-01
3.854692483843770723e-01 9.154258122570675393e-01 -1.157974127667431852e-01
7.579833708689432958e-01 -6.419524424134561702e-01 1.155779873745523822e-01
8.698042360955428043e-01 3.973628257389900664e-01 2.924779916352241993e-01
2.797306247750909192e-01 6.014274907087631128e-01 -7.483553641036443382e-01
-1.859740991234171970e-01 -3.606474474145974218e-01 9.139732234199033911e-01
5.324108138178832439e-01 -8.421247123859795236e-01 8.581779604843293996e-02
9.729803267562364688e-01 -2.049840360333535783e-01 1.062583112834196014e-01
-4.002632654554198061e-02 9.687719498824465258e-01 2.447014554599795388e-01
1.570418855168645433e-01 -9.366379717614617961e-01 -3.131248250265114552e-01
-3.599550973268029197e-01 -2.333661571592358097e-01 9.033119973747625320e-01
1.751922256386677021e-03 9.983470772235287782e-01 -5.744601089410048683e-02
-1.383776867934810584e-01 -9.744172000967091796e-01 1.770952736618773005e-01
-4.152385010040197666e-01 4.925393704187542437e-02 9.083782455397144684e-01
-2.195827822798050166e-01 -9.487383510146735199e-01 2.273300311006406504e-01
-4.561586369957402742e-01 -8.862811206398325536e-01 8.015655364092809376e-02
9.415914775913877266e-01 -3.046274655467291481e-01 1.435534623819414712e-01
9.035674738758564528e-01 -2.787014243076328390e-01 3.254094900928681811e-01
5.909618055382896695e-02 4.489891493033456582e-01 -8.915808349509354302e-01
-8.923861088492487381e-01 -3.429256483693651214e-01 2.933411536476723258e-01
6.545899044492375918e-02 -4.679007680245977907e-01 8.813534999374104117e-01
-8.235704913992586418e-01 -4.063668326601003189e-01 -3.957242006880317686e-01
8.527582584254479459e-01 -2.771769331335079967e-01 4.426921056737966875e-01
-7.095634021322467788e-01 3.497444531137758883e-01 6.117177419943428118e-01
-4.855734659027480943e-02 -7.518276632764911982e-01 6.575692730232480798e-01
7.694438198945521279e-01 4.586184645539497229e-01 -4.445506855199499174e-01
-7.405934121118312730e-01 -4.157465624186367226e-01 -5.278979008990676292e-01
-8.412555602705908964e-01 7.928829183898014610e-02 -5.347919680502605244e-01
1.686027865075938326e-01 1.964425430198588340e-01 9.659106727196701270e-01
-2.062584958716381089e-01 -9.784936567853816936e-01 -2.756176979269253733e-03
6.228468256995003394e-01 -4.050412613414636209e-01 -6.693305673036099579e-01
9.641649540971231752e-03 -3.754469878925920656e-01 9.267937191611244074e-01
9.546412008069189437e-01 -1.688808317541679316e-01 2.452334446765866705e-01
4.179017759191315240e-01 4.321375641498954034e-01 -7.991340509165099082e-01
5.712436773872388018e-01 1.085401971884445566e-01 8.135721766625244600e-01
3.734543785432337809e-02 -9.812409628617446700e-01 1.891335271008962871e-01
-6.459970432818482600e-01 -6.813445851005408560e-01 3.441763740079813449e-01
-5.024361732958352311e-01 6.663698946893946706e-01 -5.509165592133552503e-01
5.382120746657905741e-01 -6.939863850075961293e-01 4.782370333924739203e-01
-4.395359299004273912e-01 2.896405078961756252e-01 8.502449897013283353e-01
4.209709251497894544e-01 -6.536960275967192979e-01 -6.288600668533498306e-01
-8.764028429292923805e-01 -8.210324474660141147e-02 -4.745283069612748483e-01
-3.636359228516596875e-01 6.437004933535929174e-01 6.733636391045801917e-01
-8.157160307514187414e-01 -1.054417873180731741e-01 -5.687612738771167242e-01
-6.931765830964279340e-01 1.383727317750402808e-01 -7.073607366456479140e-01
-7.915133746251612479e-01 6.110534103859726063e-01 -1.096847506088900574e-02
-2.308557314646931535e-01 9.202270344834792004e-01 3.160503698077938850e-01
-6.165879044569140266e-01 -2.093481798095814250e-02 7.870076806953892889e-01
-7.844986975439529608e-01 -6.048238647602627305e-01 -1.369302237210655027e-01
4.465342788957094577e-01 -7.215439660824987111e-01 -5.291327269986487725e-01
8.405236263803851360e-01 -1.636070163212604289e-01 -5.164811494205975295e-01
-8.535284332617826264e-01 4.578073480693011232e-01 2.488004133184674449e-01
-6.572544366861566845e-01 5.038964338053749659e-01 -5.604507020734190714e-01
1.954193196395476451e-01 2.075444114268243934e-01 -9.585074891711120593e-01
-1.000894429517318607e-01 -6.517020045168192555e-01 -7.518421381635719269e-01
5.748115623004820818e-02 9.002631266428495760e-01 -4.315347257008379511e-01
-8.219336064717719381e-01 -4.657308931406914376e-01 3.279022441623116180e-01
-7.274972449909057337e-01 5.766170494392349744e-01 -3.718340178448348299e-01
-5.816416221931182129e-01 -5.532077600202148782e-01 -5.963675021209440263e-01
-3.437553887394000918e-01 7.483326571760108292e-01 -5.673010372954691016e-01
3.179102631480422714e-01 8.920625982529596376e-01 -3.211812344819061638e-01
-7.330349089362099280e-01 -2.275527484017690338e-01 -6.409988837554118080e-01
-2.278185157771841496e-01 8.015684617680916002e-01 -5.527989914677997607e-01
6.868255655204527077e-01 -1.319038787717544958e-01 -7.147531107399791583e-01
-7.318310208706273468e-01 -6.091560863789340363e-01 3.055359542164488573e-01
3.072338928098907948e-02 8.103310881909642216e-01 -5.851663018854869058e-01
6.464045605018764462e-01 -5.632011405225781919e-01 -5.147481126497144288e-01
-5.499206198944276425e-01 -8.176851173413416385e-01 1.702303166107755061e-01
-9.848619666574683906e-01 -8.749886998797258564e-02 1.496357389877551458e-01
-7.047185264298451157e-01 3.880592972434274146e-01 -5.939543587932367696e-01
-5.092990954385462343e-01 -6.423455478775003114e-01 -5.727186294398259880e-01
1.205570435954835262e-01 8.438428652518482620e-01 -5.228720856988520183e-01
7.439223434596550222e-01 -4.853030241262727973e-01 4.594132362866676367e-01
-2.653332673356830762e-01 -9.509674369384959469e-01 -1.589314038432897147e-01
-4.945098450051095273e-01 -3.353589922987759153e-01 -8.018692907683721005e-01
6.194465264399787729e-01 4.059709264070611168e-01 -6.719178579213663793e-01
4.899535522588361336e-01 8.659829232408258193e-01 -1.000954208953731273e-01
-6.050748748460225146e-01 -7.943919362598749201e-01 -5.315870046715834990e-02
3.200757239798027731e-01 -2.883206486188851989e-02 9.469531366200785172e-01
7.363213608522974907e-01 2.339138029790965578e-01 6.349135266542028644e-01
-5.486823391168831332e-01 7.587008225208635714e-01 3.511705463836495289e-01
1.278745226529565959e-01 9.873471132963490549e-01 9.377517966735676724e-02
4.255240069222847588e-01 9.044051204351868378e-01 3.131609272272839473e-02
7.080693341738363011e-02 -6.106852068562196312e-01 -7.887014367344609145e-01
1.536414096213389313e-01 6.181783580269994971e-01 -7.708760178631910431e-01
3.988223602190276718e-01 5.199528882592259205e-01 7.553738934992478837e-01
2.604959671728824255e-01 3.102098399987778810e-01 -9.142820714935829818e-01
-2.763533574716257601e-01 6.520850980307827394e-01 -7.059843105482899173e-01
-4.775896491107913810e-01 8.051355335434940974e-01 -3.516602048680861348e-01
3.473858118382819882e-01 -2.474296373715010322e-01 9.044897303362074981e-01
7.854813670323195218e-01 1.981959236428161575e-01 -5.862912227693755085e-01
-6.061515480377875909e-01 4.387045848628682299e-01 -6.634143411411093094e-01
-2.247304725351037258e-01 -3.110559504493655772e-02 -9.739243588036236021e-01
6.938658891980082899e-01 5.762107735127993680e-01 -4.318926629328619371e-01
8.393800670938731390e-01 -3.947647765443993984e-01 3.736333418812294305e-01
9.940069333410939123e-01 1.091865941955167257e-01 -5.338924781045912074e-03
3.093485107827223524e-01 -9.090079917219657801e-01 2.792990688529245480e-01
5.313807840914237801e-02 -1.380752804097967468e-01 9.889952282810772211e-01
8.911514215611886225e-02 1.635755086564921190e-01 -9.824976052928907633e-01
2.009584978657340260e-01 -1.835604842257946845e-01 -9.622480089697976746e-01
2.337616315461476801e-01 3.890552072512881709e-02 9.715152392391945835e-01
7.633661716059245705e-01 6.039810967080592174e-01 -2.290827860557055895e-01
-4.867025216324724068e-01 8.564002802917864976e-01 1.723346028885157089e-01
-9.411329149693388185e-01 -2.336037831479812199e-01 2.443319644669245116e-01
-5.723553532750177419e-01 7.941342398067481323e-01 2.043530247977452252e-01
4.360894171502043282e-01 3.877311080776293939e-02 -8.990676649328926962e-01
-3.505112138964239787e-01 -5.727565183365734836e-01 -7.410073276532571640e-01
-5.621998289397514559e-02 -5.756620092587892978e-01 -8.157527594924426362e-01
-3.151471795891692962e-02 9.779978647773598377e-01 -2.062207531818630035e-01
-8.734341287607471083e-01 -6.601178712527623615e-02 4.824471646475726461e-01
-9.460220706170685556e-01 2.055567681883911924e-01 2.505766488668455527e-01
6.209471091232668938e-01 -7.838306655483558982e-01 -5.845974467912495517e-03
-3.111439370193814224e-01 8.110364118425615887e-01 4.953881196815506094e-01
9.393538856730319075e-01 2.965498368169380283e-01 -1.722569933408336362e-01
6.895444991864823070e-01 6.961325211698013993e-01 -1.998196602225097984e-01
6.051756948894680965e-01 -1.370449360608779477e-01 -7.842072837044550271e-01
-7.422793535027303324e-01 4.869111594691228895e-01 -4.603682049707635837e-01
7.370065930379272878e-02 5.495002643675763743e-01 8.322365482710729623e-01
5.105887025693935932e-01 1.079263565384607354e-01 -8.530246645747333600e-01
2.703619212861570476e-01 7.793070106616981629e-01 -5.653185072611597306e-01
-5.662765461054369842e-01 -6.697780595331515041e-01 -4.803417786315312132e-01
-1.958439595919174991e-01 -6.883607812764691580e-01 6.984300811762109706e-01
5.395553770225162138e-01 -2.536602457552163403e-01 -8.028302901918272783e-01
8.990498390320679212e-01 9.980008638834225732e-02 -4.263206887934156697e-01
-9.764058637339215752e-01 1.686505557862850724e-01 1.348650410558345225e-01
4.292710750958367849e-01 8.585652176451397111e-01 -2.803428457015064712e-01
8.747207362655251561e-01 -4.348948849209339218e-01 -2.138459085807002669e-01
-5.809290692760736841e-01 -2.108724210958538015e-01 -7.861642566863541459e-01
-4.449531448935473837e-02 4.901879540508846667e-01 -8.704802908118605131e-01
6.745498534530307289e-02 9.852627502388956460e-01 -1.571850436388673999e-01
-4.179438082334261395e-01 -9.081310299006517539e-01 -2.491998577292611414e-02
-6.102209577908777050e-01 4.021899303718559082e-01 6.825493700680308473e-01
3.494078408017641801e-01 6.021682486906657639e-01 7.178492606773829721e-01
-7.737539789683649527e-01 7.493455605590737707e-03 -6.334418901159838411e-01
6.184201504795215909e-01 -3.014071832582876365e-01 -7.257480467498284016e-01
3.894943725235122667e-01 -1.520771162651509412e-01 -9.083868583819292297e-01
6.959035076166092404e-01 -2.571753561573973945e-01 -6.705066325340978128e-01
2.145270707605956839e-01 -7.310184225540605762e-01 -6.477578265042048811e-01
5.737752431918993201e-01 2.999623392213767725e-01 7.621053505578585519e-01
-4.960146068136238040e-01 -8.628480740917228164e-01 -9.727646613508898754e-02
1.520071062515495619e-01 -8.718933841884370928e-01 4.655059250508682966e-01
-9.960564114052693485e-01 -8.089536273888545126e-02 3.643577343492061110e-02
4.285673001285247863e-01 6.313659097136983256e-01 -6.463026824266947523e-01
-1.996752181426296457e-01 3.186393266666955326e-01 9.266060580209306563e-01
-1.056307040654406171e-01 4.876816967216257570e-01 8.666075911514713459e-01
5.211411039541726797e-01 -7.975649646152399574e-01 -3.038125688442089856e-01
8.627227323696411432e-01 -5.033566893939617204e-01 4.838936138255447994e-02
4.175607886650972711e-01 -8.846279296120780344e-01 2.075485820708745377e-01
6.996005950952158825e-01 2.886804019404428517e-02 7.139507291107523024e-01
-1.765215957751137266e-01 -3.613489219811418796e-01 -9.155692670727180182e-01
-3.365058634387220748e-01 4.478844948755563160e-01 8.283497347868399308e-01
3.182809916885749879e-01 -4.640547887078636524e-01 -8.266500852277445244e-01
-6.554902166258088636e-01 -1.999447453661756802e-01 7.282545397787131281e-01
-1.149812991217056962e-01 5.815191329737050552e-01 8.053662513650513555e-01
-7.140744005119222804e-01 -3.467617660370074240e-01 -6.081562530702404601e-01
3.813503671871233958e-01 -5.313255467014538214e-01 -7.564820294419739577e-01
9.837129505500441518e-01 -3.510150464363611528e-02 -1.762858907907247086e-01
5.252445658576408993e-01 5.526039796513302349e-01 6.471066277751531537e-01
-4.396106330543673169e-01 -8.782337956285949376e-01 -1.882761044884077584e-01
-3.247033252289345806e-01 -9.457897831725801119e-01 7.031118804069130118e-03
9.102541998953326274e-01 2.859911900299166310e-01 -2.994099711068088920e-01
3.365002133441651888e-01 -3.477969900502276834e-01 -8.751027711825242195e-01
4.890137493223815218e-02 -1.050365319454684733e-02 9.987483811247482857e-01
-2.281034362985265573e-01 8.900445290103771168e-01 -3.947018605574341699e-01
5.786902261618187548e-01 5.463214298539164071e-01 -6.055167358770158215e-01
-8.838943025644234730e-01 4.491094420157945577e-01 1.305050611524827542e-01
2.051977303206639902e-01 -9.715978274872721920e-01 -1.178624329176226337e-01
-6.074949897988370928e-01 -5.064422983143417323e-01 6.119363004818380025e-01
-7.938288901089339822e-01 -5.337739759345124790e-01 -2.914121408649278377e-01
8.032987413384050646e-01 2.116123038339563500e-01 5.567147968486372278e-01
6.526905676646017618e-01 2.454842346605623504e-01 7.167513609437919930e-01
-9.393274751031150949e-01 -3.067502990973191013e-01 1.535192122182496288e-01
-8.968109940069524111e-01 9.430109421777745082e-02 -4.322468561569787759e-01
-8.946624234701284761e-01 2.106818029868883224e-01 -3.939445721427703995e-01
9.076570371469284693e-01 -4.090321453568816490e-01 9.408191634105982082e-02
-1.225483914014697390e-01 -2.206782227791450335e-01 -9.676171834749269784e-01
3.241966147160992850e-01 -2.342223652387142863e-01 -9.165350176772317781e-01
6.597730227985387774e-01 4.453841842314609778e-02 -7.501439113074528375e-01
-6.135223124022640695e-01 2.714159781421483508e-01 7.415684317672373016e-01
-1.620952427929846507e-01 -6.099371406752160940e-01 7.756944093448303601e-01
-6.491126943167145891e-01 6.011858765693777196e-01 4.660775170402500778e-01
6.558860779384946271e-01 6.669661196866282227e-01 3.535104637158867913e-01
8.118734288314873870e-01 4.275913647916140259e-01 3.975263014104210568e-01
2.113461386600115621e-01 -4.696081833653690807e-01 -8.572053218393953511e-01
-8.183854996163012485e-01 -1.271824358447268821e-01 5.604193091162891216e-01
-4.500058353059019911e-01 -7.968210775901565235e-01 4.032008413913580891e-01
2.115219498610969306e-01 -5.842937878125016304e-01 -7.834916937981404317e-01
1.387087635743510794e-01 -8.153047363029211070e-01 5.621726299542687544e-01
-1.552118421335049181e-01 9.830100210215284573e-01 9.798256290166151850e-02
4.474186223663051964e-01 -4.395129799708908935e-01 -7.788741341172815691e-01
7.399425816976505921e-01 6.195027787785872819e-01 2.621092956692388509e-01
-5.488878354916242319e-01 -1.217952043852612576e-01 -8.269752549127887820e-01
6.128659291019066258e-01 6.484887223979000082e-01 4.515060684739423125e-01
-2.701603036301420402e-01 9.198906048375375955e-01 -2.842792385562101232e-01
-2.270873687728261481e-01 7.236584334010459640e-01 -6.517283166407445982e-01
-7.958323555959603279e-01 3.176094051134800700e-01 -5.155338277650129974e-01
-5.778046172115341994e-01 8.146216896941761432e-01 5.033216674093957815e-02
-6.846388848869218169e-01 -7.064088161075938732e-01 1.796000607635194479e-01
-2.796398897142527429e-01 5.481316832124077942e-01 -7.882595955263299592e-01
6.196840801554046596e-01 7.120890785557285607e-01 -3.300314909271590547e-01
4.118222893561777065e-01 -9.069377213953504491e-01 8.869256733033822893e-02
-8.077836704267191692e-01 -2.290617007547460782e-01 -5.431540104236375344e-01
-3.156329439053689456e-01 8.703052984008425863e-01 3.780800606975335265e-01
1.078527642786616253e-01 9.486996820860573720e-01 2.972148960722950095e-01
6.699123105290779590e-01 -4.398634305684744894e-01 5.981117442837291520e-01
1.720275893494532804e-01 -8.883634738650517670e-01 -4.256957209146378651e-01
-1.350008478190360128e-01 -8.256872887376381920e-01 -5.477364989712022458e-01
7.226026269505106958e-01 -5.362200786588806611e-01 -4.362493217957881253e-01
7.135327963449818178e-02 -9.669825105766337581e-01 -2.446498185658670943e-01
-3.138468836985156551e-01 -7.995235844955735915e-01 -5.121153887827234463e-01
3.499169174920638836e-01 8.790020287116897535e-01 3.239036652672921401e-01
6.798232790555273075e-01 -7.288522355759736726e-01 8.133097780117892750e-02
2.609198443309641013e-01 -3.116608906103863208e-01 9.136675128832404402e-01
6.381893089244227157e-01 7.687108084783373929e-01 4.240399631106100964e-02
-3.271203486959727187e-03 -9.153480080617650838e-01 4.026503736060675909e-01
-5.079448614984739541e-01 8.597864988395000907e-01 -5.252803147473395634e-02
6.688587732800810315e-01 5.225310353387953022e-01 -5.287620055507317174e-01
1.278507567879684503e-01 7.180030020286529147e-02 9.891910335620325290e-01
-5.576429671141166500e-01 -8.281127559191954202e-01 5.712779281644998763e-02
-2.520795829103859020e-01 9.505475995538927858e-01 -1.814253148324632969e-01
-5.686540948381789695e-01 7.349633748921164944e-01 -3.694067649501851514e-01
-1.552017070425000186e-02 9.397219921114837726e-01 3.415870340679447170e-01
7.949143109130014651e-01 -5.000304775378867639e-01 3.436288111304713344e-01
9.851852622647394586e-01 -7.215275427210317283e-02 1.555762805420740913e-01
6.084088815698303065e-01 -7.712181043544524828e-01 1.872465442748493247e-01
-8.412449400016343004e-01 5.360861221114009423e-01 7.013287817569571758e-02
8.708518231314875679e-01 4.876411781009144519e-01 6.183189766549851418e-02
-8.757998841941098123e-01 3.636982322965221504e-01 3.173297317774823045e-01
6.123223593439575119e-01 -4.959260797886178573e-01 -6.157261173873842530e-01
-4.175113022539426177e-01 -6.531793975407661490e-01 -6.316969108033527736e-01
-1.850175649368310526e-01 -7.706863697990534723e-01 -6.097630851985075262e-01
3.375585520038369980e-01 -3.949808400094830252e-01 8.544263338606061797e-01
-7.412596713062283849e-01 6.633443736742996588e-01 -1.025102024660631411e-01
-5.395515960939781808e-01 -4.676867716024112331e-01 7.001093906101778508e-01
-5.070487525006356355e-01 -8.094890760575319533e-01 2.960219558260377970e-01
-8.842537579612999021e-01 -2.005974088722631832e-01 -4.217297370177410798e-01
-8.135771613904965172e-01 4.212721080301836118e-01 4.007767626242661474e-01
6.441815502959782336e-01 5.438564415828388565e-01 5.378199524070509385e-01
-8.804941415298469520e-01 -4.740244979832700656e-01 -5.553561319255041935e-03
3.125417768946200381e-01 -6.513650555923778951e-01 6.914052372152614812e-01
-5.847132356181753421e-01 5.024647620664397518e-01 6.368984180969838871e-01
9.069811929440133591e-01 4.022565046294879765e-01 -1.247991191039474895e-01
-2.303377549837255234e-01 3.383078085453280481e-01 -9.124101847887906569e-01
-5.796184970834984407e-01 -3.489411945162596562e-01 -7.363982893843742383e-01
-1.721663485318617182e-01 2.140780865692757939e-01 -9.615244777352489614e-01
-4.225580332583359633e-01 -6.617946691686817928e-01 6.192515840825618678e-01
1.120810826529088505e-01 -3.801124787401456429e-01 -9.181243567280926721e-01
-4.183630560373887142e-01 -3.066048489959598555e-01 -8.549653910628322029e-01
8.081628313298891975e-01 5.207561978435870653e-01 2.751105604377051539e-01
-4.932879648588099908e-01 -7.004193362354279584e-01 5.158291743910732308e-01
-3.964503106468921234e-01 -8.730623209218724146e-01 2.838826077351276900e-01
-3.100577545344394559e-01 -8.649125955309378000e-01 3.947029147916160663e-01
5.899376916380048019e-01 -5.295522873324355340e-01 6.095472868988983661e-01
-4.514657755483357238e-01 -4.560337593134105583e-01 -7.669497140458545470e-01
1.189947973685684529e-01 -2.635194014599538392e-01 -9.572866672284749967e-01
-3.860529850773246618e-01 -8.802706898774553812e-01 -2.758380054589212871e-01
1.628137723752384469e-01 9.799686870985748754e-01 -1.146867378175847746e-01
4.562122742761463012e-01 8.769712044521179584e-01 1.509697564467394337e-01
-9.141205335682923705e-01 1.077896550148131349e-01 3.908516859124546716e-01
2.590633936557462658e-01 -8.850442094243232694e-01 3.867594930083065319e-01
8.981722115735305545e-01 -3.696625563850764462e-01 2.379837657571693410e-01
8.962150999879721358e-02 -9.449585890662008936e-01 3.146764209399078860e-01
-3.797961692241233478e-01 5.970057996368908215e-01 -7.066391901406245957e-01
8.283047872366307018e-01 2.850611878531335019e-01 -4.823394018952218976e-01
-3.182950389685963999e-01 3.356188556071246221e-01 8.865936227657763569e-01
5.575153515521975578e-01 6.240854491813651039e-01 5.474431339451830691e-01
7.491459693141188092e-01 7.865470110732170061e-02 -6.577185983793730761e-01
8.661202945927725105e-01 4.946788222745430730e-01 -7.161353285238901412e-02
-6.880633232023071200e-01 6.372085287522730734e-01 3.471802905540016804e-01
9.867244941535314728e-01 1.138096015179507620e-01 -1.158539910395095518e-01
4.829266758053318842e-01 -3.310659923970685203e-01 8.106646251525696512e-01
1.341356555305935061e-01 6.906915259565217236e-01 7.106003390705845080e-01
-6.338577434035753688e-01 7.219482131227917820e-01 2.775160152065742070e-01
-2.585388411568451811e-02 1.583124284266508031e-01 -9.870505314733331037e-01
-9.163598780256064780e-01 3.268630517920117495e-01 -2.311820047454129778e-01
3.826740943681583573e-01 9.888773554518422160e-02 9.185759376656105202e-01
3.176945730699911041e-01 -7.111608542639649144e-01 -6.271526110959148026e-01
1.907013670558067864e-01 -9.487648749916126611e-01 2.519488054847574543e-01
7.671072585298527313e-01 -2.109472979329393427e-01 -6.058446099501139104e-01
-2.810261032201785691e-01 -4.219494135482323993e-01 -8.619646290394893384e-01
8.010863963467793614e-01 -5.976083460392570545e-01 -3.353878847475301461e-02
4.041297127854908133e-01 3.266956155772497983e-01 -8.543706163056630221e-01
-4.186740766756593124e-01 -7.016437403711728305e-02 9.054219889840116053e-01
-9.562831667285759396e-01 2.626413134362159396e-01 -1.286158835761207486e-01
1.345516287898696761e-01 -2.398309275232086285e-02 -9.906163083919155010e-01
-8.990315692842856254e-01 -1.756398541421165249e-01 4.011145460677920105e-01
-6.447206921506439814e-01 1.253615124785307233e-01 7.540687769042621058e-01
-2.602785886570790214e-02 3.919210802354222006e-02 -9.988926515054246114e-01
-4.179537270611480837e-01 8.623167480069329205e-01 2.858749869128872079e-01
3.608299111794989744e-01 9.088974485847082230e-01 2.090626775739822807e-01
7.052785932249011625e-01 1.805870593450903394e-01 -6.855438862215875728e-01
9.879231713258002090e-01 -1.546113225155301696e-01 1.015610691023975491e-02
-4.291284909823536164e-01 8.751649646649758418e-01 -2.234614571915248538e-01
-1.723357200126870714e-01 9.311184787649266770e-02 9.806276476791451202e-01
6.445711629794736997e-01 2.765432075989521787e-01 -7.127775741324718917e-01
9.632130466491908849e-02 5.445631550356918593e-01 -8.331705566360473325e-01
-1.521495707549602450e-01 -5.105969371380413291e-01 8.462513077711210085e-01
-1.673049118952459058e-02 -5.663829480468464128e-01 8.239723580474775932e-01
8.608686592432776563e-02 9.057706162079045553e-01 4.149320936366331369e-01
6.088309631663102461e-01 1.413050517960222907e-01 -7.806136948753246152e-01
-1.312911266674971766e-01 9.912923035570575525e-01 -1.010984504934393444e-02
4.052730975637823529e-02 -8.345849753302945206e-01 -5.493864360510207767e-01
-9.537269284858791440e-01 1.038982528232177960e-01 -2.821526163996594949e-01
-8.980216519987832546e-01 -3.016171637199520639e-01 -3.202876817657964725e-01
8.947458389800364009e-02 -2.674035982624395902e-01 9.594214999011533296e-01
-4.478968646293993161e-01 7.508806641004914795e-01 -4.853520649334446824e-01
3.579292466163550013e-01 8.079718115000784628e-01 4.680472265038327917e-01
-1.318282097645465389e-01 9.529905865608941928e-01 -2.728191068026534771e-01
5.535057051412467510e-01 -2.379137810743289783e-01 7.981406311866395820e-01
-1.476300504900170119e-02 -9.880258060522053576e-01 -1.535807939060522820e-01
3.105853544586482662e-01 -7.422022801980349138e-01 5.938623686214118402e-01
-4.679145858414352627e-02 8.556700807484654003e-01 -5.154020491960459305e-01
7.932957083493648032e-01 -1.487307141531054311e-01 5.903906281285185020e-01
-8.683021356218844078e-01 -2.872764932908776769e-01 4.043805357296154646e-01
-5.801803905748777884e-02 7.575407085618781622e-01 6.502045693591297360e-01
-9.476097636825938642e-01 -2.966521171977736238e-01 -1.184620493470257691e-01
-1.278138417579707531e-01 9.828266895965351857e-01 -1.330989108587457004e-01
-1.696603321768465067e-01 8.958050274966410376e-01 4.107903655118806396e-01
4.383071504717075961e-01 -3.059897606747246646e-01 -8.451373309750296325e-01
6.506230991777771644e-01 -1.583384844238955036e-01 7.427102444201563181e-01
1.412352683330830860e-01 9.322114868006389221e-01 -3.332181610534219462e-01
8.325760170259768334e-01 -4.089073854320067758e-01 -3.736467931246311158e-01
-6.635843073210077048e-01 -5.959223227240136866e-01 4.522526421774833993e-01
-4.598363717759360592e-01 5.122239070899338165e-01 7.253807139685104488e-01
9.444573702485057343e-01 -4.820909910474448917e-02 -3.250786959288257671e-01
-5.828491644768700741e-01 2.003279976252138050e-01 -7.874995522767533895e-01
-4.213095072644152395e-01 1.727679227821365959e-01 8.903086790243938120e-01
7.573142666749770324e-01 -6.561948868291096748e-02 6.497454764717758291e-01
-5.443995933996015335e-01 -4.616301917921744047e-01 -7.003760766418773986e-01
9.249849709239440498e-01 -1.340015540534567062e-01 3.555930076310400700e-01
6.627035302529189487e-01 1.412041907667215546e-01 7.354491195862795649e-01
1.860562066642993673e-01 -7.978602346486521335e-02 9.792942757013111121e-01
-6.611613642406192204e-01 -5.464363880380672667e-01 -5.140748236039128782e-01
-4.240645535204426997e-01 -1.762040528954593455e-01 -8.883250453469844210e-01
-6.557274979564891096e-03 -3.923469308540210032e-01 -9.197939377894772672e-01
-2.243621238889668967e-01 -8.658876216634400214e-01 -4.471020733725839524e-01
-5.747656767127078403e-01 -7.962164522850981863e-01 -1.889015033913574726e-01
-6.997349846532890938e-01 7.144020679332301338e-01 7.978627613995279387e-04
8.824136543301740188e-02 -9.959341367500889053e-01 1.812889082023072182e-02
2.019346844516976824e-02 8.554925807893836165e-01 5.174211708525987552e-01
4.200724780622707571e-02 9.546058119289573263e-01 -2.948951253635812009e-01
1.375558814420500993e-02 4.288578120607196564e-01 9.032672698760315644e-01
2.806129115261175588e-01 -8.941550281806366351e-01 -3.489171527227066250e-01
-5.137649380350941541e-01 -2.818150801829874194e-02 -8.574680116783428563e-01
-6.056015176139731976e-02 -8.298381657247323462e-01 5.547081094821386671e-01
7.884380941709601132e-01 -2.544229774982226799e-01 5.600306421804108759e-01
3.498601375549686421e-01 4.190476385374457546e-01 8.378525889356723821e-01
-9.957927858935895493e-01 -5.222687314045357243e-02 -7.529330172236363417e-02
-6.061718263860221834e-01 6.035152483525293432e-01 -5.180010250007416328e-01
5.262846259319200470e-01 7.465704089721534320e-01 4.070099715668534235e-01
-6.821713530537969472e-01 7.077058703588099409e-01 -1.838332019316186727e-01
3.038659910062868064e-01 -1.499012228385044887e-01 9.408480657902679178e-01
1.619842259332721079e-01 -9.781275215113147681e-01 1.304900847226766469e-01
5.729257871797227564e-01 4.065069902695788162e-01 7.116938311145205587e-01
7.277185419608191985e-01 4.898171019381751812e-01 4.801092899906297951e-01
-7.522075544717925499e-01 4.392406358834025082e-01 4.911735526107950944e-01
5.036232039800445648e-01 -4.993158184527725640e-01 7.050158734778334546e-01
2.246151395154573349e-01 -9.744000279193136826e-01 9.624172239339708057e-03
-2.623414174261880505e-01 -7.380713012305939458e-01 6.216331192935239391e-01
2.323457571552043910e-01 7.545004141681347365e-01 6.137952216758354451e-01
8.711183040544481226e-01 -1.464338945027772176e-01 4.687323488751887202e-01
-6.033187778594527595e-01 -3.412578578448740019e-01 7.207978404110991777e-01
5.956946805543835710e-01 -7.383723714246708258e-01 3.161551655056720755e-01
-9.913932079514951035e-01 1.301968205144257151e-01 -1.372206819608663003e-02
-9.933768137749207083e-01 6.282163294417099364e-02 -9.620783901852628106e-02
8.618149489966282495e-01 2.368771689765695188e-01 4.485133225486006014e-01
4.574518109784764253e-01 -8.697049023553387048e-01 -1.853408305031651049e-01
4.935473310004527825e-01 1.878606149757784394e-01 8.491875066222135393e-01
5.085906982363405104e-01 -1.478030326388259930e-01 -8.482274254056149099e-01
2.599913077794019367e-01 6.689874342221230341e-01 6.963191313844945274e-01
-7.934909516832699961e-01 2.426414472882029993e-01 5.581193758101082869e-01
-1.086350320812710657e-01 -7.749529243576855353e-02 -9.910564612851258115e-01
1.326358262366405250e-01 4.448952611639794275e-01 8.857064661570209774e-01
-2.905230357684822629e-01 1.603807484898484292e-01 -9.433315330262745935e-01
-2.958842405058699498e-02 6.484818883406680001e-01 7.606548268803162705e-01
-7.699839946588975526e-01 1.304912611541431955e-01 -6.245771999773352956e-01
-6.472358411119626398e-01 2.761403227622874490e-01 -7.105155087152075222e-01
-8.253824981020063678e-01 -2.376995627025950131e-01 5.120963285534143594e-01
-9.663784275941025292e-01 -5.547845511359755788e-03 2.570641089124114376e-01
-8.761359598744108412e-01 4.567418656135311950e-01 -1.541838124149745859e-01
-5.766410584343647505e-01 -6.065948714130249275e-01 5.472912859740337588e-01
9.533665739681518314e-01 1.937656861297530897e-01 -2.314023217664306076e-01
-1.323666833929298403e-01 -9.881035934825859179e-01 7.829654956865197968e-02
5.420294490559284251e-01 3.317964350503788684e-01 -7.720849707409065399e-01
5.237528499655060843e-01 -1.319779675738127489e-01 8.415846768021003621e-01
3.034245353577870452e-02 1.532866597592160152e-01 9.877158171525307617e-01
-7.958317428796940485e-01 5.746273899873274305e-01 -1.909324480056248108e-01
9.123961895664995936e-01 -2.070891908473949106e-01 -3.530541888983946830e-01
3.709142798276233721e-01 7.482331648917363021e-01 -5.500633854166727676e-01
2.936354833953035426e-01 9.410648713140697952e-01 -1.678544335721869063e-01
-6.521432298821320250e-01 -2.665765336141527331e-01 -7.096803220078481411e-01
-7.852326058635901163e-01 -6.993001754109192183e-03 6.191614107929716004e-01
-3.840743273924319134e-01 -7.461274093524893347e-01 5.438573342807780930e-01
-5.409043577333441100e-01 4.848072462353058415e-02 8.396857121120115952e-01
-2.714963026165954085e-01 -9.169818588488469757e-01 -2.922909991902445936e-01
-8.755931960150347138e-01 3.387575370554732901e-01 -3.443543032695931538e-01
-2.180527235620812743e-01 -5.591079052126699533e-01 -7.999070946527844228e-01
3.438254693323057332e-01 -9.386169461027421557e-01 -2.796918173958671747e-02
7.191694321151202995e-01 -6.112519519146221159e-01 -3.304033583240034155e-01
1.651946580405336540e-01 3.815209616297599027e-01 -9.094792360422390143e-01
4.902412344001875200e-01 -8.249499515027961527e-01 2.812847482699957213e-01
-7.743361083325945859e-01 6.183769738584473652e-01 1.342144162674090702e-01
-8.020166649138927850e-01 1.264423361483124064e-01 5.837650253567385761e-01
-3.823614569601495039e-01 9.172898514433075468e-01 -1.112611552628620937e-01
-1.561385404292132129e-01 -9.435721720764942422e-01 -2.920484758999468133e-01
5.320045730745801560e-01 -7.334743187187158231e-01 -4.230680299997264804e-01
2.826115703716661764e-01 1.545960349907918863e-01 9.466946531259098352e-01
1.750298758096147100e-01 6.007778469744110561e-01 7.800195646000567251e-01
-2.945372307625609976e-01 9.549905659901314348e-01 3.522553852775776873e-02
-9.934378703429255220e-01 4.293643196013465640e-02 1.060078326306374275e-01
-5.879515986995507981e-02 7.477865606074374227e-02 9.954653594041410480e-01
-5.959250427308817599e-01 7.961828125074462692e-01 -1.047199718961459719e-01
-4.473805977446402848e-01 3.352737215469412391e-01 -8.291213013797874565e-01
