2.698073010609929323e+00 -2.739107870980485249e+00 -9.211753045206771962e-01
-1.743221291885765245e+00 -1.900448730091845728e-01 3.567150612599089943e+00
-2.209954940245072663e+00 -6.640870248425505551e-01 6.319878096106704701e-01
-3.653489186686920132e+00 1.301359264591695819e+00 9.554551777560940096e-01
8.929867776627555820e-01 -3.624606964636853945e+00 -1.203823225654393037e+00
-3.456771149422937839e+00 -1.966913298759588591e-01 -1.780292344537424354e+00
1.586247406324330589e+00 1.389693892846505907e+00 -1.495048671275693408e+00
-2.987930169816369400e-02 -7.412082734377751780e-01 3.834822762172249266e+00
6.214176659298614736e-01 -2.293382613235158018e+00 3.127132722884367499e+00
-2.852009424408784355e+00 2.740547642484364221e+00 6.136255160333787401e-02
-1.900183107957652107e+00 -2.697080599620422792e+00 2.091711937201565341e+00
-1.102280504991721699e+00 -1.874757674078822989e+00 3.267012751051303621e+00
4.802742776910169376e-01 3.812989734920033236e+00 -1.057435138561788390e+00
-1.287053152329166394e+00 -1.655242885980200196e+00 -3.259574928091406587e+00
-2.987021637823136011e+00 5.756281876671985875e-01 2.453202224334470660e+00
-3.598163514007015173e+00 -1.569819497348929005e+00 -5.159361929863999219e-01
-1.300722907758568025e+00 -2.059769361270828103e+00 5.259950438378246940e-01
-3.479672115985153802e+00 1.511799850157714120e+00 -8.613456768802093544e-01
3.096987381322267516e-02 3.911824540013305374e+00 6.413912201001253921e-01
-1.444057705025500127e+00 1.919704464691102119e+00 -3.082201844462608142e-01
1.398815112251558856e+00 1.849093132936571626e+00 1.748127769509441320e-01
1.503783814822979181e+00 -3.116451802090148160e+00 1.898281056370109354e+00
3.595381240014489332e+00 -2.960872980083647382e-02 -1.443974122977571328e+00
-2.510933204977293887e+00 -2.970100127238345600e+00 -6.151448907132850419e-01
4.039061391250146626e-01 5.304682456717783046e-01 -2.426527962314445119e+00
1.672538348018616006e+00 3.524795369396322098e+00 1.850528067990832859e-01
-1.145852646582701695e+00 -3.749707617216780919e-01 -2.063624594246340482e+00
-1.498121550972219218e+00 1.494924840047714643e+00 -3.371169289366596988e+00
2.017151061016349001e+00 2.172877775030534198e-01 1.473911915581599841e+00
-6.517973618653574164e-01 1.184552810715584770e-02 -3.842028265535149867e+00
-4.413346321833869768e-01 -2.262612075159028624e+00 -1.092537375554872181e+00
1.922715065622325303e+00 1.714125430312779752e+00 -3.036862853736255641e+00
-1.411893568430523833e-02 -2.914042226958243997e+00 -2.650960898102684205e+00
-1.730833815522167807e-01 2.316389612799051090e+00 6.960567053563126994e-01
-2.006896416345345546e+00 -1.344818947942827414e+00 -9.843100548362633262e-01
1.240255669184480575e-01 2.289821452831112936e+00 -1.029102309461443099e+00
8.353196135867212435e-01 -3.538660602599413840e-01 4.255051377612971142e-01
4.349955533152709553e-01 2.256170052865285491e+00 3.206092249468536437e+00
-1.393029930809184469e+00 -2.318187943505298221e-01 2.022839761100026834e+00
2.359079734136446671e+00 5.687785703019384576e-01 -1.556195063842059634e-01
3.377562587170587438e+00 1.252372927409145520e+00 1.510292439076234228e+00
3.004278888006687964e+00 -1.499448462853138819e+00 -1.975288226761689359e+00
-2.823002952373155683e+00 -1.663719731074773778e+00 -2.288520715096045599e+00
-2.819040882109082879e+00 1.220896451862687027e+00 -2.379081242014777775e+00
2.825452878900310161e+00 1.197234173239650618e-01 2.808337644071014605e+00
1.727917535186733300e+00 -3.639761271320339775e-01 -1.453335650126704959e+00
-7.943493698679408022e-01 3.100228672130909580e+00 2.333992684942576279e+00
-4.016467266923053336e-01 9.128125744631927496e-01 3.768107669899169121e+00
-1.227812594220523579e+00 3.637357666771642517e+00 -7.948991391491091463e-01
-2.087617426128413722e+00 3.992616796661019873e-01 -7.635131860889315947e-01
3.616080880474984216e+00 -6.250676120467720809e-01 1.331629164269277243e+00
3.200440635768608377e+00 2.237166829128265810e+00 -7.680165200171916451e-02
-1.578361762209029351e+00 3.444083092503932519e+00 8.776084434196583794e-01
2.180298759332147895e+00 2.988592198914590714e+00 -1.341039964624250791e+00
-2.289098997356206144e+00 -1.880140298471421334e-01 -3.210822855273109511e+00
1.629205627866995076e+00 -2.635582388266437981e+00 -2.415527157767648703e+00
-2.795157851020410589e-01 -3.272712632696015866e+00 2.081946963692598462e+00
2.969474923332908745e+00 -2.434945083902927632e+00 9.003946619468523593e-01
-1.526014723997670908e+00 -3.608747107674220356e+00 6.955004091189789239e-01
-4.096816351497432063e-01 -1.458953394278461380e+00 1.752059950560531876e+00
9.540712382385745371e-01 1.428322825300772925e+00 1.672246852315326882e+00
-3.852042345577218807e+00 3.428560857971567344e-02 -1.717691711207608718e-01
-1.053558134258308021e+00 1.305866365900338666e+00 -1.845111895955186432e+00
1.239288948803004109e+00 -1.872107354821686664e+00 -8.794874526559897099e-01
-2.116516750512126954e+00 1.040371199112195555e+00 9.222740264073928662e-01
3.237348596177092475e+00 1.588698800371392217e+00 -1.648727187520618198e+00
-1.810684448787875045e+00 1.647763430774496829e+00 3.170075072515437853e+00
-2.690174283303800262e+00 -1.275719661935151406e+00 2.520152297359957494e+00
9.753043696705415710e-01 3.256648112679410900e+00 1.919551002799608996e+00
1.283989208923066450e+00 6.857875769708973168e-01 3.617432357191687764e+00
1.388224815689166058e-01 1.750144096876850464e+00 -3.511037918465355290e+00
1.607347600907572671e+00 -9.671091447229867022e-01 3.421494557579153994e+00
1.872756974143038544e+00 -1.185873088533881514e+00 -3.179845675344871836e+00
3.073582701356634139e-01 -1.470884230913765300e+00 -3.676977599486778381e+00
3.277045941869267121e-01 -1.131188338516737391e+00 -2.092904746955501771e+00
-2.496245677611165448e+00 2.399236485278583686e+00 1.836238815808017621e+00
8.661897824779360988e-01 2.898305442446151403e+00 -2.480297935675284560e+00
1.948760808507548625e-01 -3.894741511573198700e+00 5.655390836343695549e-01
2.260596232387497739e+00 -1.153097900820466482e+00 1.836213226009021371e-01
-8.356705399708369564e-01 2.968409089267255219e+00 -2.445046746291132500e+00
-3.680235289233069196e+00 -5.921461473996710856e-01 1.342108830414546095e+00
-3.068762707945972945e+00 -2.250256414580617648e+00 9.543327485184923686e-01
-1.648570069043766129e+00 -2.876850180147246139e+00 -2.120864711566009753e+00
-2.338170850961872382e+00 2.670860416659406322e+00 -1.695762525159326239e+00
2.704818270639991251e+00 -1.705723412293553620e+00 2.376825286100702872e+00
1.117798340861665629e+00 2.237125424924309436e-01 -3.806957147385729101e+00
2.482524470106604042e+00 2.679751117771651092e+00 1.366800002230873279e+00
-7.420550041539772934e-01 1.446164565600434493e+00 2.064682708872513484e+00
-5.339450895693043098e-01 -7.763421302677332436e-01 -3.602291402617017191e-01
3.748663783021473961e+00 -1.295403705709997189e+00 -3.120780153651876443e-01
2.674888271892984726e+00 2.411388295168030160e-01 -2.824960701230669002e+00
4.488757269831847863e-01 -2.280293753863171347e+00 5.068299602179172636e-01
3.937938762872517540e+00 5.794234951747441187e-01 7.905147654329126861e-02
-7.958923937123179027e-01 -3.786468215759841716e+00 -8.861937633618889310e-01
2.186911894540415902e-01 6.322863386224494286e-01 -7.713597002953114234e-01
3.707238945496937332e-01 -3.829217601378140379e-02 2.310817648915572509e+00
1.305669393436384551e+00 -1.434358857607703763e+00 1.690493517026509851e+00
2.153851277873218617e+00 1.836109462586755781e+00 2.758304489853512731e+00
1.776760375177856233e+00 -3.448239457366978122e+00 2.582487840441347049e-01
-5.369366711942121784e-01 5.273218441569877957e-01 6.863875186988420696e-01
