-5.837079837419644202e-01 2.434642951064949212e+00 3.187266402066329940e-01
1.237334309722012193e+00 2.687588971241348546e+00 2.598768275512119530e+00
-3.081574190749285513e+00 1.287400332974940831e+00 1.987657010048375916e+00
-1.547318389618526080e+00 3.659019728420695117e+00 4.016762531727350871e-01
-5.688780599967745433e-01 7.732134681627720330e-01 2.356822635208195849e-01
-3.457917805501211639e+00 -3.536809631472749849e-01 1.899892606058999123e+00
-1.796826654523143940e+00 2.751293327866398020e+00 1.949977648720788270e+00
5.163896634538879260e-01 -1.998601834658428889e+00 3.286436038922764702e+00
-1.005037987621010931e+00 -1.155168375922826618e+00 3.650008341317558358e+00
-3.460596220711335547e-01 3.498799320141917857e+00 1.787052333567758389e+00
5.495435336399008275e-01 1.896522021709458883e-01 2.375298399365968649e+00
-1.158219532018161413e+00 -1.935993267806005447e+00 9.649360563452358264e-01
-1.913213562495942988e+00 1.579464370572750465e+00 3.135211286386484719e+00
-6.738717628567839624e-01 5.875096557898159544e-01 3.773758939488111697e+00
-3.021222069735108651e+00 2.563792654765117529e+00 7.491842236819457046e-01
-9.021268221726134184e-01 -2.703924784391511071e+00 2.638631874284894430e+00
1.802948870079284394e+00 1.043356134765132559e+00 1.386671302486131241e+00
6.824349873391556409e-01 -1.544987960929229687e-01 7.239653943254495960e-01
-3.797509494295538524e+00 6.698158797782507445e-01 5.345078017745504839e-01
1.534520980753479313e-01 3.922972450566312386e+00 -1.622831773904909736e-01
9.572277604932770689e-01 1.285952251045431760e+00 3.580813775758793227e+00
-2.280562461939158680e+00 -7.448255099096309784e-02 3.113983213094189573e+00
-2.139186223753800409e+00 -3.091761723121621674e+00 1.400703774532693346e+00
-3.798936444018623071e+00 -8.979458148827972330e-01 -4.270705304844085726e-02
-2.320429773396632367e+00 -1.695158507055958053e+00 2.617717660703641425e+00
-2.052291844792653475e+00 -3.357898720541399595e-01 1.044969955220822699e+00
-3.188460465123498455e+00 -1.810913290997824943e+00 1.172219816062391340e+00
-2.020096602363610216e+00 1.426966017857242086e+00 5.684382998485832950e-01
-1.091472571697425842e+00 8.592121361808564561e-01 1.932950438132918114e+00
2.604363689587361752e-01 1.764902932412160119e+00 1.590595054647560014e+00
1.131225769482878674e+00 3.513178804962858504e+00 1.096628071107905500e+00
-7.563174386964856000e-01 -7.778413372639202406e-01 2.068415680376026078e+00
-3.881888826661552550e-01 2.311374555828217936e+00 3.122571912716380016e+00
2.189778215545779450e+00 -2.790512891318207345e+00 1.481967566363263211e+00
3.405083003321465185e+00 -5.967952024403935796e-02 2.050802361835226240e+00
2.127768317182005209e+00 -1.769984790423262622e+00 2.845118357093820993e+00
3.484092496494816338e+00 -1.639343469579272350e+00 -3.843710722161723936e-01
5.947466265946415032e-01 -1.681452881829406776e+00 1.596314615934050218e+00
-5.096851990256805465e-01 -3.712334278394652021e+00 1.127839613101706107e+00
6.550120596133632844e-01 -5.112264532384082072e-01 3.859035860959167952e+00
3.550159502086391861e+00 1.297919349105359110e+00 1.025918360302455756e+00
7.397755529356221382e-01 -3.239347336002862843e+00 2.147466113090805262e+00
2.522211088625887498e+00 2.689517170994125461e+00 1.356293677018217458e+00
3.887937491277364099e+00 -2.110478770498758205e-01 3.067037327243106182e-01
2.152865643337898760e+00 -1.231593521987584955e-01 3.266719386359908661e+00
1.153104139185797017e+00 -3.734209830452440038e+00 4.457432744902755095e-01
1.242315069349708923e+00 1.870675264609156230e+00 1.016437896780273964e-01
2.009562867929755026e+00 -7.015726946220756099e-01 1.584819835739911253e+00
1.802323097434869847e+00 -1.443280011261454998e+00 9.408303402533262083e-02
2.328888709955822200e+00 3.015647646569477591e-01 -5.074269247049947862e-02
2.538413206252444265e+00 1.457929336527981956e+00 2.704713870242337670e+00
3.358008909111993123e+00 -1.650740017257142034e+00 1.308153718702915302e+00
1.936273133627162801e+00 -4.971994860974812691e-01 -1.492331430643267121e+00
2.543616688279841220e+00 -2.973575305532363711e+00 -1.597471645917181715e-01
3.653580986220092086e+00 1.045074088881539742e+00 -9.078406591305167028e-01
1.865814887754695117e-01 2.140396440190939220e+00 -1.137318451020493004e+00
1.403833928372876461e+00 2.058506634294793525e+00 -3.016067452486488776e+00
1.803320208232128907e+00 3.430785508246060989e+00 -4.426283900752338574e-01
2.549022038335249096e+00 2.487814526623564504e+00 -1.776807948719455021e+00
3.575897374063623957e+00 -5.349845003000696098e-01 -1.594447265902677602e+00
-8.311216790548883182e-01 3.541703352165965324e+00 -1.427987443525793099e+00
2.967826665276871889e+00 8.551255422384635985e-01 -2.481713785706163744e+00
1.659290108740514746e+00 1.219388962725402203e+00 -1.455462774473715637e+00
3.034901045350170357e+00 2.338666125178884503e+00 -1.811709607493565133e-01
1.648910103849683173e+00 4.895562924244529213e-01 -3.349726963925272916e+00
9.129489326568158702e-01 3.364968681288063479e+00 -1.881524907905435029e+00
1.069016499944499682e-01 9.207516635065143840e-01 -3.885794020757469713e+00
-1.375733178592354333e+00 1.450321311051302908e+00 -1.211772501785377543e+00
2.683311142959639906e+00 -2.206783667303110708e+00 -1.792655268862014761e+00
2.406882431046124093e+00 -9.594587612470810711e-01 -2.992590448138541692e+00
-2.863842119223433347e+00 1.348045480601269608e+00 -2.237105295801702809e+00
-9.073423564302794675e-02 9.484563910761549810e-01 -2.300817827016166994e+00
5.020398363402075459e-01 2.079532797015557211e-01 -9.044857740221442510e-01
-2.648451610900148800e+00 -1.877627632731166396e-01 -2.886055168895409917e+00
-2.353217629704876579e+00 2.915356574199482242e+00 -8.843239087982656121e-01
-1.649466755589764078e-01 -3.855007633232955477e+00 -7.117030771973826830e-01
-7.505598249738791861e-01 -1.906189544979544515e+00 -1.439161076224236613e+00
-3.455690564038446322e+00 1.681879313066038106e+00 -7.276665204771441964e-01
-1.477514450811026614e-01 -3.248419403072810852e+00 -2.235828524424288588e+00
-1.754132117801464386e+00 2.559587091412798276e+00 -2.441710464331595443e+00
1.413686863218241108e+00 -3.409386495511421700e+00 -1.374528188536638940e+00
-1.592888978696764379e+00 -3.427202727500144430e+00 -2.085434225679799747e-01
-5.358462390623809357e-01 -8.416493068468623440e-01 -1.513962086052886291e-01
-1.548882535552166484e+00 1.132400800307115762e+00 -3.367271717347755988e+00
9.301969448696593146e-01 -1.814748464894024416e+00 -1.250360187205211471e+00
3.012843738801007087e-01 -6.862258673962864375e-01 -2.334636030360431658e+00
1.289749420654846324e+00 -2.324362354298077360e+00 -2.878532799135325781e+00
-3.697697172088395323e+00 5.645445202324193834e-02 -1.427563311576173444e+00
-3.142559283682154980e+00 -1.522843325565870876e+00 -1.747198894055877583e+00
-1.038522891980809382e+00 -4.427090418817694051e-01 -3.712820630772486030e+00
-3.037401103848501371e+00 -2.605517955785631834e+00 -3.470341602895166688e-01
-1.322885915365939136e+00 -2.490294658797514438e-01 -1.857144886270084339e+00
-1.940918227905883864e+00 -1.726211407305218160e+00 -2.883519693952207863e+00
-2.152751958007819710e-01 2.531588687139450844e+00 -2.997160957374837675e+00
-2.303548317600093931e+00 2.071072133939962923e-01 -5.888041483885333438e-01
2.468779157949943515e-01 -2.392148013989483513e+00 1.205308071017921756e-01
-4.087332620699132280e-01 -2.035356569787376557e+00 -3.317099401607183307e+00
-1.887077993112184160e+00 -3.011632970927680564e+00 -1.789720731158609635e+00
-2.040792152369693468e+00 -1.413643741842160129e+00 -4.682174397133397892e-01
7.583495565603198818e-01 -8.339011474903895715e-01 -3.833816036522341708e+00
