-5.545379431699795081e-01 4.947385580696554985e-01 9.780179705193321471e-01
-8.725712077880323214e-01 -2.278582430325924779e+00 -5.507350797839278833e-01
-2.911207820884517128e-01 1.374890325502395205e+00 -2.069191342429423930e+00
2.467039179526012926e+00 -2.591068339200607862e-01 3.212613559544664765e-01
-1.843099382635967842e+00 -1.573277455540238901e+00 7.170113946723941645e-01
-8.393639299377545493e-01 -6.204244746539059330e-01 -1.620738560569530695e-01
1.171228566087982870e-01 -1.651148862093787972e+00 -1.945972490662490229e+00
1.936601196055512064e+00 -1.224314800235519973e+00 -1.130242609387257291e+00
-7.302441552321522478e-01 -2.118309915659464249e-01 -2.324628333254526780e+00
4.840520303653782913e-02 9.523570575780044845e-01 -4.543118347126457457e-01
2.117846383164097457e+00 5.477020900239276679e-01 -1.093972079984547818e+00
5.545378114908369183e-01 -4.947384400272386573e-01 -9.780177478759435328e-01
-2.020561163641892310e+00 1.366241805081412464e+00 1.809486443919685050e-01
-1.106121441171519643e-01 -2.176126085849760639e+00 1.038094195714507340e+00
7.909586233298060431e-01 -3.319324905788349489e-01 6.163858736687056750e-01
1.017077191722179030e+00 1.358065602455061638e-01 -2.339643100710840251e+00
-9.093470501368192682e-01 1.983616266461139643e+00 1.328598464930992318e+00
7.882654278734876341e-01 -2.277101015139929352e+00 -4.188965955194559609e-01
1.917939990953759333e+00 1.417657497077923212e+00 3.703414081411637859e-01
-1.778370306772252274e+00 -1.103554113368089507e+00 -1.416292529292016100e+00
8.013134631662091056e-01 1.610013909328537274e+00 1.657642430282203705e+00
-1.807327744877262665e+00 7.584684968477427569e-01 -1.408435766091308716e+00
-1.985087155635663736e+00 2.704312866723198594e-01 1.585280842921110711e+00
4.850923242038742700e-01 2.441192022509609316e+00 2.487751473140890346e-01
1.735536236332820392e+00 2.608534527417141757e-01 1.818293728390688813e+00
1.143214045591979700e+00 1.866992782833893028e+00 -1.262424946257590497e+00
7.023144944550382407e-01 -1.070953899678373178e+00 2.148588889688666459e+00
-1.763669750345248921e-01 4.856094951785782654e-01 2.501978726549651366e+00
-9.566201535798403155e-01 -1.035025621060589041e+00 1.998906286411043176e+00
-2.490752622192612176e+00 -2.074404216972930148e-01 -9.870140003814754925e-02
1.677073728885987602e+00 -1.692999522565055148e+00 8.411263154843768852e-01
-9.343554395565756288e-01 2.241985852148189906e+00 -6.977119629782856380e-01
