-3.451394356143608344e-01 7.558352763218934012e-01 5.564097456472228975e-01
8.932964155760911851e-01 -8.498705058738138807e-02 4.413600742606485494e-01
1.968574496614603209e-01 -9.517464097940050438e-01 2.354270926571696010e-01
-1.021382114917175621e-01 -1.838737254692669743e-01 9.776288860479347420e-01
2.006656115077291858e-01 -6.145510918098318065e-01 7.629287436671742251e-01
-2.918052556669131214e-01 -7.593512957923658213e-01 5.815800051098922729e-01
-1.050996339140994329e-01 9.919706559264006573e-01 7.034404546277263359e-02
2.002641319206172332e-01 7.909239874434265127e-01 5.782158105350216903e-01
-3.413798389766682373e-01 -9.392335165086271864e-01 3.605838331237745664e-02
5.106097277168403226e-02 3.596955563311125537e-01 9.316715536149318133e-01
8.769839983570473230e-01 4.384737078734790572e-01 1.965702778381551996e-01
6.436153320854921533e-01 -6.246394469309178854e-01 4.422497774361437428e-01
-9.275007346524657414e-01 -4.988966343315089785e-02 3.704772715048293419e-01
6.010502223321472215e-01 4.032224684704251438e-01 6.900364274116933538e-01
-5.163080789424413508e-01 2.503920799988112456e-01 8.189809362205170418e-01
-7.888029764651273146e-01 4.983458544560294134e-01 3.597794792178201639e-01
-7.616333994400118490e-01 -6.090186421322844046e-01 2.213839614624326935e-01
5.054506224398939151e-01 8.527612474211716531e-01 1.315975804177694497e-01
4.863980533384378302e-01 -1.233820054516336501e-01 8.649819734765061829e-01
-5.974763158537228502e-01 -3.162391058139512046e-01 7.368954335235460285e-01
8.204018747841609338e-01 1.038094160983774467e-01 -5.622849535421946543e-01
-5.756280496683008341e-01 -1.153705652113792557e-01 -8.095319518819966698e-01
7.758690866413496812e-01 -4.456961419398385305e-01 -4.465222384767205122e-01
6.148486573764184726e-01 6.224613754963301826e-01 -4.842550614476140436e-01
-2.597900166792040388e-01 -9.249392611037314804e-01 -2.774824508013111202e-01
-7.693485507458780459e-01 3.279639386094365672e-01 -5.482175320408886332e-01
-6.329351255933883813e-01 -5.769555358869321582e-01 -5.162513306515587042e-01
-6.353146672696161068e-02 -4.479526388327556563e-02 -9.969739901668192017e-01
-1.197618173970124295e-01 -5.918870152612452085e-01 -7.970739415254392002e-01
-2.804278866301768702e-01 4.739165197991418443e-01 -8.347235067144103127e-01
7.027448246482823069e-02 8.188682678102423562e-01 -5.696632839561924788e-01
9.078253861772181965e-01 4.188506879605635169e-01 -2.042472538731939999e-02
3.141829536640495246e-01 -7.991408242094307779e-01 -5.125065996734142759e-01
-5.177068510393446621e-01 7.859953044553779078e-01 -3.379215852250691543e-01
4.492639440851640686e-01 8.927163696221954714e-01 -3.491979314959509084e-02
-9.096829111561464953e-02 9.952208805202531483e-01 -3.549885896753334630e-02
-9.060481946425168465e-01 4.230548739178341955e-01 -1.006194014101084201e-02
-9.510650365994617328e-01 -1.528555458991047444e-01 -2.685339424466700042e-01
4.284426414688538021e-01 -2.817227915498241031e-01 -8.585273272835091118e-01
2.354070586642074470e-01 9.336399288e-01 -2.7e-01
