2000 37148.073142 
2000 37148.374249 
2000 37148.089692 
2000 37148.039296 
2000 37148.131078 
2000 37148.296305 
2000 37147.804261 
2000 37148.077153 
2000 37148.037425 
2000 37148.085322 
2000 37148.450912 
2000 37148.010674 
2000 37148.227858 
2000 37147.847691 
2000 37148.373516 
2000 37148.173582 
2000 37147.924550 
2000 37148.267274 
2000 37148.181133 
2000 37147.953384 
2000 37148.269563 
2000 37147.946736 
2000 37147.968903 
2000 37148.187090 
2000 37148.150769 
2000 37148.292493 
2000 37148.391780 
2000 37147.989451 
2000 37148.088772 
2000 37148.193328 
2000 37148.482222 
2000 37147.908737 
2000 37148.046451 
2000 37148.428851 
2000 37148.102924 
2000 37148.144846 
2000 37148.230067 
2000 37148.048328 
2000 37147.963350 
2000 37148.104294 
2000 37148.154383 
2000 37147.858102 
2000 37148.075643 
2000 37148.153532 
2000 37148.212912 
2000 37148.084668 
2000 37147.819838 
2000 37148.219743 
2000 37148.470709 
2000 37147.896261 
2000 37148.100230 
2000 37148.073818 
2000 37148.315494 
2000 37147.868142 
2000 37148.237792 
