8.533940273514654118e-01 5.206338214990017255e-01 -2.567212480866840757e-02
7.427502366770790676e-01 6.646484020722249753e-01 8.102214227593021456e-02
9.872936990116574218e-01 1.328959364803322385e-01 8.711958424426825831e-02
9.397443529311514387e-01 3.418503600043941715e-01 -4.345399737365407238e-03
9.910513844219416280e-01 -7.751189401956343206e-02 1.086694976562094656e-01
8.551468723923282278e-01 -4.877104593158271273e-01 1.756767899056786153e-01
9.504008478535757032e-01 -2.845160700671994780e-01 1.256536281717363368e-01
6.300657246702600078e-01 -7.721236592293970746e-01 8.271781823734272732e-02
7.842300952183998142e-01 -6.199177219056964949e-01 2.617586332847525107e-02
-6.640638225892098179e-01 7.371247597930405959e-01 1.251652029449837333e-01
-6.739060462872459301e-01 6.649809968983124708e-01 3.219486209655491593e-01
1.012610151062893066e-01 -9.941889132436263488e-01 3.653233640353685530e-02
-6.960529723725445983e-01 -1.906928799277726461e-01 6.922040777084440544e-01
-6.032222325324534395e-01 -3.901832352553997185e-01 6.956148223724045732e-01
-8.365000065626648773e-02 -9.277500815609903695e-01 3.637065624288104426e-01
-8.448495758490254248e-01 -1.433688599876445924e-01 5.154362852706092513e-01
-2.873186109751822426e-01 -6.031039998366112265e-01 7.441193326129704744e-01
-8.948589602958725298e-01 -2.688029863554319832e-01 3.563318617589392168e-01
-1.129814659939188393e-01 -9.851405535187292006e-01 1.293571727994886900e-01
-9.096469315483747264e-01 3.527258557613571766e-01 2.193785098911120168e-01
8.023743445945315245e-02 -7.146606144163999419e-01 6.948540568445569221e-01
-6.601837958474859880e-02 -5.975409927638061225e-01 7.991159712606480392e-01
-4.194293567762532038e-01 -4.282415193259695441e-01 8.004300193019022736e-01
-2.681682365605985718e-01 -9.286150121554040959e-01 2.564370412003649791e-01
-2.470120905782661747e-01 -7.775942172561774168e-02 9.658874155102403769e-01
2.307695829383135666e-01 -7.966800764169483795e-01 5.586110054687090098e-01
4.348677383215691639e-01 -7.363647554708725451e-01 5.183213260781438514e-01
-2.830819258687780060e-01 1.306121409250289300e-01 9.501605611102809101e-01
-3.401339025798435500e-01 -2.610978880549414405e-01 9.034029118666015989e-01
-8.061144127818212768e-01 5.691446743422962085e-01 1.620305316081539215e-01
-4.845219427516516686e-01 3.670020629889175212e-01 7.940705086792002598e-01
1.429883890864597565e-02 -4.303664893276794023e-01 9.025409841495470875e-01
-4.349851081914379303e-01 -4.744375025087828324e-02 8.991868805836834566e-01
-6.076209378342685152e-01 -1.598370999099765419e-02 7.940663177092500691e-01
2.661358964178661135e-01 -9.416973991197945537e-01 2.058584298222281006e-01
-8.009139301439948122e-01 -4.514427214778272135e-01 3.933654099256734815e-01
-2.137130758352517312e-01 -4.531378488016711836e-01 8.654437077016792212e-01
-5.643845111303535944e-01 -7.861134330271090098e-01 2.519837177487564972e-01
1.310605512087697766e-01 -3.335086924505101073e-03 9.913687553640468941e-01
-4.707349132891791577e-01 1.626490714605907939e-01 8.671527667969679554e-01
-2.210679825535959708e-01 -8.468611136165437037e-01 4.836891577592269398e-01
-5.152175911378248374e-01 7.129374371467726013e-01 4.756795607304656892e-01
-3.531624598368677814e-01 -7.293833850109946448e-01 5.858977339364576098e-01
-3.418494612852050474e-01 5.307213037767908315e-01 7.755474476371374548e-01
-8.843249204161910404e-01 5.507226137500753627e-02 4.636124255862218435e-01
-6.370414430330302302e-01 1.882700458383582964e-01 7.474841735437728341e-01
3.083965193842827524e-01 -9.512574027622549000e-01 9.698049643879965440e-04
-5.284617557329290838e-01 -2.275772235670336929e-01 8.178855543663735572e-01
-4.867442425985604726e-01 -5.740029609540474587e-01 6.584835936552557722e-01
-8.792693148838857109e-01 2.573450632299906782e-01 4.008228914804822240e-01
3.628814504380318273e-01 -8.555315782232078003e-01 3.693003812493264038e-01
-8.023939077759028038e-01 4.877123202456277729e-01 3.439487017634201838e-01
-6.366106219079232797e-01 3.867050129628882282e-01 6.672227132100492231e-01
-9.957841052115056213e-01 3.404677824159965584e-03 9.166473682411750701e-02
-4.328766869948142970e-01 -8.914397258985293782e-01 1.339887642541283952e-01
-1.337302832152728049e-01 -2.848567473654235460e-01 9.491958938130496959e-01
-7.610239291575164877e-01 3.103501867425364005e-03 6.487163845054433331e-01
-7.629229258562505445e-01 -3.323117007266609413e-01 5.545426428716659917e-01
-4.045155992226251995e-01 -8.335484414045760682e-01 3.762500841429308185e-01
-7.787379957012908749e-01 1.976259199936168387e-01 5.954083722940189949e-01
-1.419306219372981070e-01 -7.388096320470552980e-01 6.587989269503909950e-01
2.282521756694641871e-03 -8.403073562256816453e-01 5.421054668304272628e-01
6.404484681010627622e-02 -9.701040132401416161e-01 2.340864393604231708e-01
-9.032447188487277012e-01 4.280003797717264469e-01 3.105886004252104288e-02
4.571187913246289036e-01 -8.764246789073933952e-01 1.514007688883474978e-01
-6.572764133650517149e-01 -5.277311074390449441e-01 5.380405139718874574e-01
5.505356555827206622e-01 -7.760938705099845736e-01 3.075529159168151616e-01
3.738415413463954673e-01 -4.809266704294226091e-01 7.930649655819003163e-01
-5.292132139952739900e-01 -7.002372781522393508e-01 4.791671195091912194e-01
9.812483376249243883e-02 -2.417289685598401627e-01 9.653696819136589058e-01
-7.795261365131903597e-01 6.256316006487686598e-01 -3.039905857882418613e-02
2.390821819122317948e-01 -3.689149027028150174e-01 8.981879006398710841e-01
-8.043611773526433417e-01 -5.533266322584852182e-01 2.164087207146526692e-01
-4.767458414343513778e-02 -1.034952159957061163e-01 9.934867257758165371e-01
-6.793826743571916849e-01 -6.428858964396790832e-01 3.537469518486628939e-01
-9.577544116315144240e-01 1.305212035381323188e-01 2.562629556282550736e-01
2.979189873806734612e-01 -6.569993859398257641e-01 6.925287602928602571e-01
-9.742418099506544582e-01 2.174567739248129405e-01 5.971136590537499261e-02
1.529444751908702327e-01 -9.013426185850103023e-01 4.052030002738208347e-01
-8.455645724366547267e-01 -5.336715702096341829e-01 1.467000306750653599e-02
-5.070566181406545025e-01 5.595300709971023911e-01 6.556063496106028232e-01
-7.659304597437908146e-01 3.861894544010149866e-01 5.140119027280509734e-01
1.586145876084892326e-01 -5.552388503846205081e-01 8.164258886275923555e-01
-9.711216187276417999e-01 -1.962272827186514468e-01 1.357116618299958333e-01
-7.908344418538060250e-02 9.798039907606619081e-02 9.920411535075914777e-01
-6.539533528391685557e-01 5.617541410570869864e-01 5.067319777906504896e-01
-9.065376419304489453e-01 -3.822125951369874097e-01 1.791732007913865998e-01
-7.047643057761895369e-01 -6.993349528309331653e-01 1.193226594271273033e-01
-9.482188845465066018e-01 -7.437990630835991657e-02 3.087856481880892345e-01
-3.100882995455898627e-01 3.322126581019407832e-01 8.907749414312055025e-01
2.853431785664016229e-01 -1.413606026543239580e-01 9.479432738633830624e-01
8.579041094856922900e-01 4.837825968748676875e-01 1.730749487608494175e-01
-6.894854770944347164e-03 7.556701790574162914e-01 6.549160568050076403e-01
8.248762748763762698e-01 4.291357113399718592e-01 3.679968374847931156e-01
3.044033967798415174e-01 9.413444909706389363e-02 9.478804130912752424e-01
-1.095109006657149497e-01 2.946289284915336038e-01 9.493161523598524498e-01
7.293475565454582421e-01 6.223460835535011837e-01 2.841434392112335283e-01
8.785292876936271478e-01 3.362318925459119312e-02 4.765036954829185989e-01
5.250144683940312085e-01 6.437704936948585033e-01 5.567040141985782897e-01
2.398942270720750836e-01 9.564895676924570767e-01 1.660676570346807102e-01
-1.808173945370207536e-01 6.625784862346223436e-01 7.268389226038185491e-01
7.105759986546951179e-01 -2.639869923314686617e-01 6.522212952791927032e-01
8.544145834375519444e-01 -1.670449936310791084e-01 4.920078146859329649e-01
9.313489728985316907e-01 2.930948170681762499e-01 2.160660058607607459e-01
1.041072814171310201e-01 2.095457964245051041e-01 9.722408308422116896e-01
4.922921526588321939e-01 -5.827612134890829410e-01 6.465584308345725395e-01
7.142552003662946403e-01 -6.603473839471563078e-01 2.319069668290522079e-01
9.441052699613674548e-01 -1.233992838359250915e-01 3.056760637994972996e-01
-3.561319762912237286e-01 7.030292416981824832e-01 6.155647007262402548e-01
4.281440419528601549e-01 -2.677866474656321882e-01 8.631239718484157164e-01
5.911332687242700779e-01 4.644907570864151292e-01 6.594010882525512818e-01
-3.168855757333786105e-01 9.484543044208230134e-01 -4.238433406129320062e-03
9.547907735021817777e-01 8.472963515869835760e-02 2.849481843440649920e-01
2.810438819622474993e-01 3.028504164275825916e-01 9.106568847163185598e-01
6.318561901526955626e-01 5.773270503274918752e-02 7.729325259913197854e-01
7.717962887607582312e-01 1.538050726195074880e-01 6.169882399945955109e-01
5.943861086859848486e-01 7.848773089583407359e-01 1.751364144986587434e-01
8.741686418311708229e-01 2.357830860727704869e-01 4.245415432687907886e-01
-1.557799400178743188e-01 4.822653494523923556e-01 8.620630736817285200e-01
-4.966913934346134374e-01 8.652130680115879269e-01 6.858576113128200813e-02
4.142400375983045779e-01 8.729271473381704505e-01 2.576885459049338412e-01
6.395721982330110356e-02 4.084854454608071728e-01 9.105213423523690341e-01
-1.865642075467154881e-01 8.126687964829572008e-01 5.520536420361773500e-01
6.879132905769802520e-01 5.478838929707404715e-01 4.760236805777388613e-01
4.766622304635507179e-01 1.757190383853760585e-01 8.613454229276611418e-01
2.779515822888493567e-02 9.621015793149336748e-01 2.712710457434440170e-01
7.578266469046636145e-01 -5.620189939205721269e-02 6.500308606104476805e-01
5.982460212607667582e-01 -1.571448263136638601e-01 7.857526338540080646e-01
4.612603695427134887e-01 -4.001889293022230232e-02 8.863618672404397492e-01
2.085391695837534587e-01 9.067431975634033803e-01 3.665081014409001803e-01
-3.431170103922325798e-01 9.146457506735766740e-01 2.137612405331376919e-01
7.483768902744064588e-01 3.549114185697603840e-01 5.603301839737080403e-01
6.150686290797492406e-01 -6.457433186797412183e-01 4.524446351791920895e-01
6.290970171345295903e-01 2.678868892625559939e-01 7.297078577031141933e-01
8.907218372004697127e-01 -3.281590156934178770e-01 3.145254666213007644e-01
7.678906313194731048e-01 -5.230611899477741744e-01 3.697985531369742396e-01
-1.507608820929844384e-01 9.784714540667051041e-01 1.409424350830257300e-01
4.036339933523014900e-01 5.534882742922342391e-01 7.285124087011002336e-01
-5.186335033155625718e-01 8.084677883878749194e-01 2.782069811809989579e-01
4.513906794420790014e-01 3.740302176613020113e-01 8.101529798680352501e-01
-3.540172571902687748e-01 8.345338857616131367e-01 4.221669990976342768e-01
1.033965179181698529e-02 5.880856608898376026e-01 8.087325559519580320e-01
6.565330427480136066e-01 -4.822455610606438681e-01 5.800030884550011478e-01
5.547970592005289081e-01 -3.808376985220939259e-01 7.397045832539090870e-01
1.776549624253685455e-01 6.629225239513226731e-01 7.273049164990216253e-01
7.932134042074834301e-01 -3.608138125230414550e-01 4.905363269709623886e-01
1.716260340394665240e-01 8.155262531617442079e-01 5.526856564484466938e-01
3.843113644665035467e-01 8.087034358683524715e-01 4.453128427932614430e-01
3.392475030929000823e-01 7.110144756764744667e-01 6.159298231322630768e-01
-1.747374623979847663e-01 9.205667045008804061e-01 3.493189971918238546e-01
2.366874523603788028e-01 4.932465604633113898e-01 8.370704154886051684e-01
5.705578880659241126e-01 7.315806727430372858e-01 3.731667397217995896e-01
-3.294494075059961960e-03 8.841027740122950895e-01 4.672808912127202619e-01
-4.349756304750643787e-01 -8.936797919010067703e-01 -1.101482203242221958e-01
-2.791331954479627786e-01 -9.601793528430060398e-01 1.184354562602323718e-02
3.693530526508017608e-01 -7.438684164970666979e-01 -5.569902166426988765e-01
1.176631517264148247e-01 -5.485114931402913785e-02 -9.915375606323426627e-01
5.433662564336524392e-01 -7.095610049267649933e-01 -4.486382637009437846e-01
2.395613550614055787e-01 -6.750720402212095905e-01 -6.977736722410187165e-01
9.018027370919748931e-01 -3.618116334384714472e-01 -2.363137010035761543e-01
-5.058095893048440983e-01 -6.229761119885275367e-01 -5.967054744670290400e-01
3.433214459091664117e-01 -5.178593926038564943e-01 -7.835509136430152122e-01
-5.156672917655212851e-01 -3.325061815504801177e-01 -7.896371846828971197e-01
-8.782432619283793152e-01 -2.039374498793379842e-01 -4.325485977484064271e-01
-2.225504798108975113e-01 -8.841716271406475647e-01 -4.107454414785378094e-01
9.690006179300293399e-01 -2.354924652128224383e-01 -7.470676863048372751e-02
6.931735092050130831e-01 -6.446550643316202311e-01 -3.223822795502294669e-01
6.768623283380261757e-01 -7.257356201479978619e-01 -1.231470589385994657e-01
-3.740067471810299415e-01 -7.704758825383520859e-01 -5.162226917618135680e-01
-6.860721368339895987e-01 -5.429434630316805066e-01 -4.842699856600754527e-01
8.997894864057769393e-01 -4.355239295448041226e-01 -2.641565724112417482e-02
5.023034693428443109e-01 -8.625158481610474270e-01 -6.129956245497185374e-02
3.637608964487833441e-01 -8.486412381277288475e-01 -3.840391375417521735e-01
5.658032977732074809e-01 -4.301039461601988689e-01 -7.034751052641365909e-01
-6.344373630529367425e-01 -1.502540563097185498e-02 -7.728282277117347610e-01
8.135347471530830488e-01 -5.530803421391898844e-01 -1.796200164618794448e-01
-6.645756319366166176e-01 -2.179824239442523515e-01 -7.147187504798196978e-01
8.618684208004927516e-01 -2.639379951801331670e-01 -4.330352871616315880e-01
-8.825284043672768641e-01 1.517171659011527958e-02 -4.700142918046827378e-01
3.180282062152526429e-02 -7.457126565638877436e-01 -6.655082376957811574e-01
3.404421153858350202e-01 -9.192483245926422741e-01 -1.976908794184445151e-01
-7.493841736153190602e-01 1.050133066367664042e-01 -6.537549737968331165e-01
5.348472177844146858e-01 -8.040515058506479962e-01 -2.596914121945049225e-01
7.956497509983294636e-01 -4.650349043141228655e-01 -3.881803852667609633e-01
-4.158690351057433565e-01 -5.051453466494424394e-01 -7.562282224293356281e-01
-1.851316485000117223e-02 -8.757439592990134969e-01 -4.824207504642857858e-01
-2.511326353710177650e-01 -9.453049558957470344e-01 -2.081608508114510259e-01
1.337124248549668160e-01 -9.778184923296766584e-01 -1.612202949306405508e-01
-1.063614490831230469e-01 -6.295990513841550618e-01 -7.696052732700772170e-01
-2.470831094089746827e-01 9.901760884792079609e-02 -9.639219108324246221e-01
1.789311012274327761e-01 -8.245365583891779426e-01 -5.367710171882119630e-01
4.773245953494362759e-01 -5.983218046745356622e-01 -6.435621560700283128e-01
-3.375158541306436111e-01 -3.105014804915068316e-01 -8.886348399781794916e-01
1.620803016917395645e-01 -9.211754275021012406e-01 -3.537878001992661448e-01
-1.445105751554867646e-01 -2.780898249678875889e-01 -9.496224212378097107e-01
-3.017577924884677354e-01 -6.571841726472090750e-01 -6.906889299058514009e-01
-4.433484757032237211e-01 5.600067005086954014e-02 -8.945982640523520990e-01
-5.918366651071889084e-01 -7.777011225265553218e-01 -2.119205649665383828e-01
-7.266275647232480761e-01 -6.194956859988256515e-01 -2.970479375676697287e-01
6.534517014187125605e-01 -5.448732216714214927e-01 -5.254655518855598784e-01
7.333392597880938890e-01 -3.576321848459305675e-01 -5.781978471213607973e-01
-4.179670407298333723e-01 -8.497680192628327411e-01 -3.212442471106179975e-01
-7.882132822229881430e-01 -1.010002749346197437e-01 -6.070574653114771957e-01
-4.897540751861049757e-01 -1.406837813281392180e-01 -8.604353662593252627e-01
4.283869294055553945e-01 -3.398728873100818615e-01 -8.372401442752183121e-01
-6.155620495465836672e-01 -4.458191793330198438e-01 -6.498681577803625542e-01
-7.625076137979482915e-01 -3.267710699611659497e-01 -5.583930575648249350e-01
-5.643839522971912936e-01 -7.142949044330602071e-01 -4.138279157939530051e-01
6.285868153284069892e-01 -2.411528380593639942e-01 -7.394078200095028919e-01
-1.681157457929606247e-01 -7.828948878256051236e-01 -5.990097583787844515e-01
-2.264358616756165787e-01 -4.814861804704484438e-01 -8.466982098500031029e-01
2.764448809219359204e-01 -2.270110031405739026e-01 -9.338330858698287162e-01
-4.799732223954375487e-02 -9.560085502946892300e-01 -2.893853984244544320e-01
6.430695530380582670e-02 -2.544460370566746232e-01 -9.649465424186501883e-01
-2.478161822692159788e-02 -4.436165578623240124e-01 -8.958739983884108637e-01
-8.005088917001786097e-02 -9.932671479723919061e-01 -8.373904645910532074e-02
1.984041193422666771e-01 -4.125012540122279248e-01 -8.890885899989713348e-01
-2.947776108887258384e-01 -1.075025624438356586e-01 -9.494995309039094833e-01
1.004044919012889725e-01 -5.810723536140312007e-01 -8.076347304762804269e-01
-8.994305852727306483e-02 -7.631502217614671846e-02 -9.930187629712813324e-01
-8.243373802725341148e-01 -4.189984711245321458e-01 -3.806680505121488589e-01
-8.521301198154522805e-01 -4.889813802220215333e-01 -1.864710934688532107e-01
-9.419207902766004725e-01 1.327170125914392540e-01 -3.084986538277081358e-01
-9.271123394497889914e-01 -2.885454971108186162e-01 -2.391740080715494821e-01
-7.332464906582267794e-01 -6.735213543901350519e-01 -9.337327839308773303e-02
-5.822703832094405785e-01 -8.129635341738444820e-01 7.175858185855558610e-03
-9.572526006718276026e-01 -7.761968320292299273e-02 -2.786442952699740849e-01
-9.914391661962801416e-01 6.921518252058098120e-02 -1.107142187827185181e-01
-9.377588338677074198e-01 -3.456722558906047404e-01 -3.345236928197290599e-02
-9.865711807804806721e-01 -1.439451988549795558e-01 -7.718215454370602746e-02
-2.984200647766960257e-01 4.550682207097342946e-01 -8.389626805995300529e-01
-2.006897713064825506e-01 6.264144534323160540e-01 -7.532121535291663728e-01
-6.243172740165057188e-01 7.769295579994004441e-01 -8.129208615514509073e-02
-6.750513687454523515e-01 3.060676081960319594e-01 -6.712885138061364110e-01
-4.812206571481253414e-01 7.005546638250682578e-01 -5.269248923014283603e-01
2.694609170897716011e-01 9.621805029683210275e-01 -3.999367285919096238e-02
-4.048973804882456395e-01 5.874139572806675869e-01 -7.007160295480778789e-01
1.089371493621254655e-01 9.375905052549974306e-01 -3.302374024009584463e-01
5.532222075989250837e-02 9.960908031308721711e-01 6.886627482511044340e-02
-1.226553881238328370e-01 9.897999358208331433e-01 -7.246890928713205227e-02
8.339752348184602260e-02 9.875941865927111429e-01 -1.330510266227822591e-01
2.474679153829174513e-02 6.471808284199174199e-01 -7.619347554969976288e-01
2.424535437887586631e-01 8.512337878340150432e-01 -4.654216556564892970e-01
-5.593348145632709434e-01 7.678069852043527543e-01 -3.124371915903645380e-01
-8.900515772926938241e-02 9.542896055374471276e-01 -2.853233790995257091e-01
-8.338412235313048537e-01 2.182347581295976668e-01 -5.070329420106078899e-01
-3.845233133623105481e-01 8.376968982721465506e-01 -3.878217736359003132e-01
-2.958987569674730866e-01 7.496141941479537163e-01 -5.920493945246613210e-01
1.227183819269211072e-02 8.691987689971135689e-01 -4.943105319141752330e-01
-7.876127763004081572e-01 5.093105690535761898e-01 -3.467980087294122993e-01
-4.593625097658606271e-01 8.743454275950556243e-01 -1.565444277680585194e-01
-2.799991888682407670e-01 9.328734956743022222e-01 -2.265998572407647293e-01
-8.828885900926539687e-01 3.276001735497908185e-01 -3.364310683845243566e-01
-5.882550939946437074e-01 5.155931425001764046e-01 -6.229925005938238280e-01
-3.798008572684749562e-01 2.609179916466707327e-01 -8.875094987960405746e-01
-4.979847800048446405e-01 3.960166835831362420e-01 -7.714803595732951935e-01
-5.724655696650569059e-01 1.874339122512044542e-01 -7.982178274670828078e-01
-6.460726209595015757e-01 6.190604170253811711e-01 -4.464911740660518769e-01
-7.477335249871792655e-01 4.134406070066490857e-01 -5.195781366534015788e-01
1.421599678553872592e-01 7.634069792749645922e-01 -6.300796199954644683e-01
-1.934255496034593680e-01 8.721970126975842064e-01 -4.492871329139191405e-01
-8.632095416566261115e-01 4.787283017110792183e-01 -1.602763249322354533e-01
4.429308772149124218e-01 8.948725920828779490e-01 5.491158300849856982e-02
-9.203294832232489231e-02 7.668859273829207179e-01 -6.351503056797956903e-01
-7.159526198001470165e-01 6.599542361314073569e-01 -2.277548076627947116e-01
-9.498584123596950368e-01 2.806671951772404250e-01 -1.378220665236900844e-01
2.918679589695708509e-01 9.239777987210161525e-01 -2.471398834619827345e-01
9.493649295341212158e-01 -1.518736956690808493e-01 -2.750283824162307322e-01
4.889447954670153029e-01 5.799049846272481545e-01 -6.516465267230306946e-01
9.950377196498136900e-01 -3.089240675485210516e-02 -9.458115921784636393e-02
4.633288277981809644e-01 8.724271325794367149e-01 -1.555547995736085154e-01
8.873353155286695104e-01 -4.472446004044623030e-02 -4.589507168419361127e-01
8.744135525757665839e-01 1.850260033678086669e-01 -4.485156821668143667e-01
3.228345790537965332e-01 -3.166779641563896575e-02 -9.459254649481299015e-01
3.706064677793538542e-01 7.302233164545549604e-01 -5.739553590186450283e-01
6.144805093928238371e-01 7.878918729471672266e-01 -4.049814958909688650e-02
2.653210506524692480e-01 6.301081206656617972e-01 -7.297729073841103808e-01
9.209078429915783515e-01 2.879893200634521255e-01 -2.626611814600490202e-01
-4.520039491306188095e-02 1.299594294342543144e-01 -9.904885011956606755e-01
7.423110421934330239e-01 6.538423312966181733e-01 -1.465077555704913659e-01
7.811573025441930218e-01 -1.515736479440986939e-01 -6.056555934941889596e-01
4.325861953362368229e-01 8.192172994988470291e-01 -3.764999333417410887e-01
-1.738601248496521035e-01 3.037881713705415376e-01 -9.367419089176087788e-01
6.664114695116359899e-01 -3.570336130325346691e-02 -7.447288253418093973e-01
6.021450394196208311e-01 7.517828479068613401e-01 -2.687822559161823777e-01
3.811034260860827749e-01 4.723420697951227765e-01 -7.947660962365650228e-01
9.541986193386999826e-01 6.356055272045108007e-02 -2.923440626898198835e-01
3.522739307161588673e-01 1.664892486245040659e-01 -9.209692762683426848e-01
5.191099862218468974e-01 6.361024811442410332e-02 -8.523371155473492555e-01
3.985211406404773338e-02 3.310169855864706911e-01 -9.427828828833669794e-01
9.782456691851423303e-01 1.752246497445132944e-01 -1.110483356130366611e-01
1.563438965734498809e-01 1.499300549008281691e-01 -9.762569152849392973e-01
8.160727417224555857e-01 3.991298517375939658e-01 -4.179959828389746557e-01
-8.182521777468255986e-02 4.896125750359747175e-01 -8.680922532212621556e-01
8.556873994534026640e-01 4.696504534026186284e-01 -2.173189500144607766e-01
1.428948943078429956e-01 5.064163265941937775e-01 -8.503667169754429711e-01
5.629930483803283758e-01 6.783087084718059101e-01 -4.721611202616496916e-01
4.869375376512421472e-01 -1.431197039290677819e-01 -8.616313508533688381e-01
6.730075100694351553e-01 5.065613087639050383e-01 -5.389401932065734924e-01
5.930051027997261803e-01 4.013696401824371485e-01 -6.980310594760859022e-01
6.512530451768998585e-01 1.860392688865958322e-01 -7.357029710283600199e-01
7.516312129026173627e-01 2.969120832411365485e-01 -5.889768540579067846e-01
2.542008229894354154e-01 3.454454109103707315e-01 -9.033545315502983231e-01
7.271289768514292984e-01 5.901570999383491944e-01 -3.507107760182897604e-01
7.897400322587813104e-01 7.515983510626722541e-02 -6.088199082115314242e-01
4.820656877857116274e-01 2.907881926850202081e-01 -8.264713544065931394e-01
