-4.092011609348980561e-01 2.564323658635576653e-01 8.756693734664642292e-01
-7.037166443578701802e-01 5.787593646388936586e-01 4.120928078679402251e-01
-9.751584740442578170e-01 1.832208362136004132e-01 1.244832345212148750e-01
-1.224985316231487209e-01 8.023699544473961165e-01 5.841203351624183471e-01
-7.951275173535053975e-01 -5.673385547498539516e-01 2.142409751695457942e-01
-7.030653593319564632e-01 7.063059994428201316e-01 8.264947464144029032e-02
-1.105028280868335100e-01 -3.482878993833546377e-02 9.932653625171087297e-01
-9.377909301951174725e-02 1.799162708009012790e-01 9.792015202263192331e-01
-7.426911104981962497e-01 -5.237069293983277474e-01 4.173020087264511790e-01
-2.841350853009118049e-01 1.095790999921989611e-01 9.525017974502427709e-01
-5.840091607627998505e-01 8.093570855917351370e-01 -6.224474393539548150e-02
8.935866383733617746e-02 3.736578183501083200e-02 9.952983610682097915e-01
-6.390943557138123454e-01 -5.274702864225416787e-02 7.673175062932946489e-01
-4.488487704813800550e-01 8.179020473913258815e-01 3.599597506811436642e-01
-7.876708627682995623e-01 -3.216721771977996136e-01 5.254537299921563376e-01
4.708796816781288253e-01 8.760050082046448860e-01 1.043434280780739104e-01
-3.058430210136542926e-01 -1.058899273457100387e-01 9.461751263819832003e-01
1.076666643830603703e-01 8.050958298990555928e-01 5.832911743372916069e-01
-8.294004963989761725e-01 2.249220239350890882e-01 5.113754977725030182e-01
-8.471025004281601545e-01 4.028609711021497453e-01 3.465838884469268355e-01
-4.961653029994899100e-01 -1.878410160930602812e-01 8.476648776329895885e-01
1.649780632875986475e-01 9.859288524897940054e-01 2.695434031897982544e-02
9.817650783500905809e-02 9.603833508321791834e-01 2.608163966350235952e-01
-9.035648431932311597e-01 -4.090654097823781532e-01 1.274208172347301993e-01
-3.409972707005845538e-01 9.163516633024013647e-01 2.098106063517159725e-01
-9.588498863175520803e-01 3.280720903237444898e-03 2.838945796931896526e-01
-7.467315290498354186e-01 4.110357952582439633e-01 5.229164355222716276e-01
-8.647333996201820305e-01 -3.774943580391349474e-01 3.312614635449523393e-01
-6.765565372868818095e-01 2.941780627548057914e-01 6.750781578811548833e-01
2.933662494862782077e-01 9.373728684597436578e-01 1.877986931208700527e-01
-7.843613874638851735e-01 -1.173350484079654782e-01 6.091056560817914578e-01
3.438868507747440684e-01 5.143663358250213369e-01 7.856011115280899793e-01
-9.101986343778759592e-01 3.835223114145768775e-01 1.563620242382081638e-01
-6.611119364532532794e-01 -2.595695948978721801e-01 7.039564140510293777e-01
-5.368498255434321909e-01 6.830877626190166030e-01 4.951599472636417643e-01
-6.298675085348134361e-01 7.220817904600461690e-01 2.861202711765817308e-01
-2.372246211421133108e-02 9.945602497513486018e-01 1.014256102065694692e-01
-4.654355440486581119e-01 2.245136581493758707e-02 8.847969770004719958e-01
-1.376195342244831976e-01 9.539461448060192472e-01 2.665475878892354933e-01
-2.460590128431630053e-01 8.741750334313050930e-01 4.186561514226501690e-01
-9.729770512032829277e-01 -2.288522329853904524e-01 3.069712184170924826e-02
3.310451445037080331e-01 7.724263412588475708e-01 5.420024535276475319e-01
4.472669957263037399e-01 6.225157990824941034e-01 6.422042622302116532e-01
-8.901466664230889281e-01 -1.710393805671460155e-01 4.223558245733908811e-01
-9.514600189670616714e-01 -2.052310692646046320e-01 2.293557073972777305e-01
-8.413816553406388010e-01 5.402115690065150133e-01 1.575978323980834275e-02
-1.224182302348458817e-01 -2.417493936654958597e-01 9.625855845422439661e-01
6.290912352629175475e-01 7.771761758361090955e-01 1.553735589274507847e-02
-2.167632297919621087e-01 3.368701269425421474e-01 9.162599084232990743e-01
-6.551082211180555559e-01 -4.545680064311382607e-01 6.034908003878415306e-01
-5.285869969858935091e-01 8.362088603442603407e-01 1.461182004378245303e-01
-9.963845938341803210e-01 -2.290973788344167344e-02 8.181005488329286257e-02
-9.362895501170707124e-01 3.484688174461791910e-01 -4.394725940527825780e-02
1.140699052737652874e-01 5.505338995912176792e-01 8.269827580498407826e-01
-8.777104648465811065e-01 2.984771975111421075e-02 4.782608634672689263e-01
-1.109562221084786464e-02 3.988201927106534983e-01 9.169620172362601407e-01
-1.199413425512919490e-01 5.423589297045201540e-01 8.315412591788582386e-01
-5.071145630048915498e-01 -3.842058987991906482e-01 7.715054421818838826e-01
-2.257639663392742024e-01 6.669347242059312508e-01 7.100906316457905598e-01
-4.242934282265717894e-01 5.995307423220619381e-01 6.786294834256025865e-01
-9.234458288465338116e-01 2.065535869085988463e-01 3.233935944342899993e-01
2.098377885840913559e-01 8.860145547735571725e-01 4.134565408982588397e-01
5.248883716692075430e-01 7.135858949330240453e-01 4.639906980092197153e-01
-5.116329447205053560e-01 3.938800081306596534e-01 7.636034763354708765e-01
-5.836266676445244217e-01 1.621829774070168984e-01 7.956611054045200637e-01
-7.486354237318526561e-01 8.952030228843099735e-02 6.569102814022759196e-01
2.298316442207304910e-01 6.750207328624483472e-01 7.010880297941468609e-01
1.024566123116824462e-01 2.395844554176784769e-01 9.654542616384415021e-01
-5.979650325480592166e-01 5.152002897097209821e-01 6.140085352279868181e-01
2.275935015990769028e-01 3.860171829793787035e-01 8.939753533932217611e-01
-3.453914353643266488e-01 7.569987333446625000e-01 5.546689770408534947e-01
-1.550600285820406821e-02 9.005699880696812487e-01 4.344344144557787946e-01
-3.247700510822373876e-01 4.782780716002765775e-01 8.159500598359937795e-01
4.031451999562351562e-01 8.489600280076911032e-01 3.416735556015826902e-01
-1.056582721248507887e-03 6.908871878565474578e-01 7.229618090111158413e-01
-7.921280667982931734e-01 5.696925352675064058e-01 2.190514575410989206e-01
5.750944724376070294e-01 7.764125957009855306e-01 2.577786434299176865e-01
9.057322434679564438e-01 2.955473693389342182e-01 3.038105587686810716e-01
-3.279113316103072218e-01 -9.146623186596447574e-01 2.363620134998802857e-01
9.434452107353842321e-01 9.101431024625035449e-02 3.187907302147692246e-01
1.147355895638641071e-01 -9.244632709877325105e-01 3.635978617677702029e-01
-1.308114808114301808e-01 -6.174837092361136204e-01 7.756302117091183890e-01
6.673161562517165857e-02 -3.654722405219765768e-01 9.284271284726123286e-01
-5.254248470372459012e-01 -8.366072621922829855e-01 1.549742525809345572e-01
-1.317367068854003731e-01 -4.375645107664384303e-01 8.894845355466937109e-01
5.729032668781931098e-02 -5.558158972076022719e-01 8.293289497414827460e-01
4.908980928799598353e-01 -7.583569925153211821e-01 4.288516460385052853e-01
-1.694827843305146409e-01 -9.794387024925844676e-01 1.094322341690013300e-01
-4.961660697385985586e-01 -5.654566043441209278e-01 6.588460061681852276e-01
9.540577896645004996e-01 -2.515112302120375287e-01 1.628368356905623704e-01
8.730170877157992226e-01 -3.528290459023901704e-01 3.366791186335049146e-01
9.288537917872260463e-01 3.564891050831288655e-01 1.007281065022205824e-01
6.907513475400461900e-01 6.170702116447971397e-01 3.769441998124596349e-01
7.546285183520377027e-01 -8.815951537147755090e-02 6.502028138506280586e-01
-3.143621491266831436e-01 -6.514176810281602226e-01 6.905298284942853471e-01
4.218672797731984891e-01 3.070591394392279683e-01 8.530783569776007047e-01
3.935105735556952977e-01 -5.474987369571655549e-01 7.385083354507084863e-01
5.555924004499293578e-02 -9.833663690781730971e-01 1.729270222135140533e-01
-5.887128797731485674e-01 -6.473262149261285181e-01 4.841341928211825296e-01
7.457982518154099294e-01 -6.561596350337884909e-01 1.150630302981978242e-01
7.485239678300922295e-01 -4.401694299069181526e-01 4.959463101579785760e-01
7.469746370037336769e-01 1.241558874229840015e-01 6.531571076635023232e-01
-4.757229231860241048e-01 -8.057220232989009689e-01 3.528451806762696874e-01
5.973380256218014939e-01 -2.202562752950973091e-01 7.711513835424134156e-01
-3.783561581677240548e-01 -9.252097224848514490e-01 2.887190669256423092e-02
5.873838383761219584e-01 -4.387044201406214428e-01 6.800872430531358370e-01
6.298536223799776623e-01 -7.286616184922700690e-01 2.689547547656407356e-01
1.633172661318234575e-01 -8.157557426068153816e-01 5.548603779215365295e-01
6.192563449343783111e-01 -5.692251795385989445e-03 7.851682479112436219e-01
-3.257769858985228306e-01 -4.874075072706217648e-01 8.101254701063980157e-01
9.794900322885933264e-01 1.621905152306617470e-01 1.195554825865510901e-01
5.359645361027137733e-01 4.318562940473416045e-01 7.254255008833772056e-01
5.943026725153806034e-01 2.157650787465374975e-01 7.747578745870071781e-01
5.911949670191115613e-01 -8.038595406676971589e-01 6.556180175064543758e-02
-1.786118705756014891e-01 -7.760561654755567806e-01 6.048426470718315517e-01
7.221858545914430216e-01 6.705937924049940602e-01 1.695628409054144858e-01
8.279583631014175715e-01 4.895911562503144632e-01 2.734692829037683737e-01
-2.619266184216571536e-01 -8.645539278532301530e-01 4.288833785491660833e-01
8.189167151546544732e-02 -1.676229886478215747e-01 9.824440380058170330e-01
-6.526399029833872545e-01 -6.998983061436384601e-01 2.901784245789142958e-01
-3.708839051962200400e-02 -8.685704141492970320e-01 4.941759675997840495e-01
8.671217907431427729e-01 7.437501161309506559e-03 4.980406445209878963e-01
8.464114792382676500e-01 -2.138726599040093046e-01 4.876946720636503030e-01
4.484098783672400002e-01 -1.373753877337475782e-01 8.832081203361298316e-01
8.440015114049205236e-01 2.190374304771006142e-01 4.895753800960573887e-01
2.707533490374531282e-01 -2.627820299339612142e-01 9.260875923630496054e-01
9.366658234571709762e-01 -1.223586681895119238e-01 3.281546761607834761e-01
2.118393581243583623e-01 -9.773011864925887915e-01 2.545040203702610485e-03
4.591025702567799738e-01 -8.569666853136861384e-01 2.341643231709144013e-01
2.774343009829050022e-01 -4.976922030723822388e-02 9.594546541385561289e-01
6.530494647732698610e-01 -6.105713696780208366e-01 4.480278999000525952e-01
-4.043529325286050469e-01 -7.438332420098804354e-01 5.321755481385708197e-01
7.203031235659095310e-01 -2.942315098634107895e-01 6.281649694026973929e-01
-1.083582980354122066e-01 -9.454011952534042695e-01 3.073679541857010089e-01
4.112245305379631510e-01 -9.110626339084068048e-01 2.931318098924280344e-02
7.011255191787085783e-01 3.332829748880867804e-01 6.303534445104059802e-01
9.898899001377190476e-01 -4.241747636763830431e-02 1.353467520996989026e-01
3.117462432350673884e-01 -8.604937055387631428e-01 4.029452351833812673e-01
3.497153093535714796e-01 -7.287531947541908695e-01 5.887427142133447866e-01
2.100258771402655211e-01 -6.555179962620988343e-01 7.253863022610677058e-01
-3.217589324405494278e-01 -3.046339345199329807e-01 8.964760762751134981e-01
-4.046517361005446799e-04 -9.997590591820502137e-01 -2.194675011008345375e-02
4.618358588585790847e-01 7.903206817742992885e-02 8.834373614874779790e-01
2.458334878679959701e-01 -4.603626340776081349e-01 8.530135645977632297e-01
1.817309432827536944e-02 -7.334557525298167624e-01 6.794942219941649819e-01
4.411675089147495399e-01 -3.550778024977092606e-01 8.241911084520094910e-01
2.677914523208215214e-01 -9.417407114148217406e-01 2.034998047365418061e-01
8.404450019677964789e-01 5.368728886082984042e-01 7.361861276017366007e-02
7.800429432466913227e-01 -5.492384979132959311e-01 2.997833869662991368e-01
6.279543854599476393e-01 5.367170160621829167e-01 5.635673291195349988e-01
2.892232788647765007e-01 1.635257666180789937e-01 9.431909767457899996e-01
5.245628418099371748e-01 -6.093560372486456211e-01 5.945746755966910824e-01
8.766280998691371451e-01 -4.590755226157748892e-01 1.441278566234826253e-01
7.809399176298341683e-01 4.219376858605348724e-01 4.605447147704166411e-01
-7.373778370953478767e-01 5.910327952429551557e-01 -3.270384691559781176e-01
-8.660655091250247795e-01 -1.929522381522390945e-02 -4.995580329070210546e-01
-4.190003242467179589e-01 8.070751103389810499e-01 -4.160150172198918139e-01
-5.480183033145622495e-01 5.652885049479386970e-01 -6.165426549768903142e-01
-5.827188511641041568e-01 6.775547076645308531e-01 -4.487297166665240589e-01
-3.952281633281827244e-01 6.970629401396384317e-01 -5.982457324512346908e-01
-9.543013860157584238e-01 -2.447955560603042591e-01 -1.714176198105927251e-01
-4.265577019699275940e-01 -6.241356859306008698e-01 -6.546015371491826773e-01
-1.239602831439095554e-01 -8.491291208284434955e-01 -5.134331352415779648e-01
-2.350741607544525047e-01 9.575821606212921999e-01 -1.666629671086155284e-01
-3.701528137944522512e-01 -8.343475175997950855e-01 -4.084741293094453773e-01
-7.507538318606200578e-01 -1.276425860229102316e-01 -6.481327442584426946e-01
-6.968138748132933769e-01 -7.027016446355234258e-01 -1.437387299728724865e-01
-4.064100245111977872e-01 9.135975223739596363e-01 -1.305599819890920256e-02
-6.759527397545738170e-01 -6.407684746118893493e-01 -3.640105157297490734e-01
-7.628486128718746651e-01 -4.647005908076267122e-01 -4.495724132356206382e-01
-9.023293075668634700e-01 -4.226399110483186061e-01 -8.471910230269313891e-02
-5.501336512168271131e-01 -8.327277353215277733e-01 -6.258981247073790166e-02
-5.351189764169636542e-02 -9.743583227013206116e-01 -2.185459580807977698e-01
-7.385584779414031686e-01 6.622768029469883189e-01 -1.261776958863730647e-01
-6.146286286374297303e-01 -5.480987539857135049e-01 -5.672912873811660761e-01
-3.893451089958060440e-01 -8.997778675289911376e-01 -1.970029827338297401e-01
-4.572216899922254552e-01 1.184708027080648707e-01 -8.814266816396925108e-01
-9.904480591247727395e-01 -4.936114773234839825e-02 -1.287482787089453407e-01
-2.095905667301163344e-01 -9.195592485585682985e-01 -3.323892036877099110e-01
-8.063370756319127031e-01 -5.450051512734194192e-01 -2.297605395772135406e-01
-4.241559016814753225e-01 8.783515911225107109e-01 -2.204319700980971464e-01
-8.761619868772148045e-01 -3.636355416867620427e-01 -3.164006409183561797e-01
-9.297097072627609204e-01 -1.346550338995239626e-01 -3.427942270034743388e-01
-6.015249325243814393e-01 -2.241942413836485182e-01 -7.667494360493189998e-01
-4.539924682420206081e-01 -9.244935597339416777e-02 -8.861963413147352364e-01
-5.108904332335749698e-01 -7.111919107522897132e-01 -4.829047849327208763e-01
-2.363353258137785573e-01 8.999844002027670431e-01 -3.662972743062127834e-01
-1.924456984644107305e-01 -6.499249700535418839e-01 -7.352293427519387414e-01
-2.874078231944737771e-01 -7.584095263864942815e-01 -5.849886609609007415e-01
3.061175810306878201e-02 -9.177538069788360175e-01 -3.959682689833779468e-01
-7.059941960096850488e-01 4.879657741002931814e-01 -5.132851045056149308e-01
-6.174937232812366394e-01 1.952444380398928037e-01 -7.619587332151015469e-01
-5.952985449637772097e-01 3.879287545776439750e-01 -7.036554012695758198e-01
-7.500655194253936786e-01 2.956182751452905988e-01 -5.916177414253548372e-01
-8.691943480064285854e-01 1.893993067244285899e-01 -4.567593326971934875e-01
-9.289086756044271365e-01 2.747191349935724225e-01 -2.483104292115268230e-01
-6.995357774143760032e-01 -3.486663051864251628e-01 -6.237639808011610221e-01
-4.277826587301777894e-01 -3.004787509026941583e-01 -8.524755229012132007e-01
-8.558034590113539064e-01 4.804357224543119309e-01 -1.917862250893043741e-01
-5.960833731208432518e-01 7.588321086659870485e-01 -2.624089235266386377e-01
-6.220319577799110489e-01 -1.215151687036709546e-02 -7.828975566051028512e-01
-4.037691613668231705e-01 5.170060752182905617e-01 -7.547682972386371425e-01
-9.855484344741557434e-01 1.480209607412304174e-01 -8.236551758341488505e-02
-4.394182114570550635e-01 3.242637940449755729e-01 -8.377139292810168447e-01
-9.509115517502425563e-01 7.222256947770532010e-02 -3.009171334536868692e-01
-5.488175824289155402e-01 -7.882614596247394800e-01 -2.782860623300343894e-01
-8.329995258901566890e-01 -2.488907116822509091e-01 -4.941307554737680019e-01
-8.339124648146748475e-01 3.905348595268333112e-01 -3.899647734361020857e-01
-8.118071448267822898e-01 -5.839256142671024330e-01 1.913399463672983886e-04
-5.305058685799477480e-01 -4.366249866227144283e-01 -7.265825104273772039e-01
-2.197611165711421122e-01 -9.706148440757034201e-01 -9.804017596527739298e-02
-7.610737743180890913e-01 9.160357340493913147e-02 -6.421646949067385535e-01
-6.848585423832679320e-01 -7.243676151525144657e-01 7.912227905542404405e-02
-3.350064953193798156e-01 -5.083550884040562989e-01 -7.933131488810268861e-01
2.974895557160682213e-01 -3.207680764832962494e-01 -8.992262259015039172e-01
8.766176025625419532e-01 -4.380165145457097231e-01 -1.992062043781004654e-01
6.907392963611260761e-01 -5.541232036091301438e-01 -4.645715226792224706e-01
4.787755340276830807e-01 -2.114845889688387603e-01 -8.520846534501065328e-01
3.482206249161536316e-01 -9.204200048165528392e-01 -1.776778295581650513e-01
-2.909599935013075858e-02 -7.456072596180853829e-01 -6.657501312253918391e-01
6.517800746804995882e-01 7.235541480933956882e-01 -2.272710474880666187e-01
1.594688907963904279e-01 9.690960032790042478e-01 -1.882089511602179077e-01
9.376548762296029738e-01 -3.467685100243181329e-01 -2.355702736685161280e-02
-4.062137978509462732e-02 8.695129741978683269e-01 -4.922368243091250206e-01
-3.944256799712723277e-02 9.526216763034376367e-01 -3.015894986013617496e-01
1.529867973746850685e-01 9.063158765614561796e-01 -3.939372687645537607e-01
6.398527668472085983e-01 4.963898165546263841e-01 -5.866733220275456295e-01
6.383064518771428553e-01 1.332365534912444138e-01 -7.581641605257976035e-01
8.259421946676114290e-01 -4.038189147598462148e-01 -3.933824794647440282e-01
2.680312908776141811e-01 -5.199076782624003634e-01 -8.110827536042671815e-01
-2.372192989815289643e-01 -3.662531633565017652e-01 -8.997697619513936873e-01
2.969113847253704308e-01 1.066144234323064405e-01 -9.489346628386277072e-01
-2.687704398017396468e-01 2.425720389099656482e-01 -9.321594587986764546e-01
8.905944450627442111e-01 1.545215636183771201e-03 -4.547957197819925135e-01
3.054394832838399632e-01 6.917845474594989108e-01 -6.543247373801154287e-01
6.953660124961272837e-01 -7.116095216135976953e-01 -1.003892295722139533e-01
8.627876877853729587e-01 2.102210039035933009e-01 -4.597874893075443725e-01
2.145668462311115243e-01 -6.930441999686633991e-01 -6.882229329136234641e-01
1.508087246635534950e-01 -9.678339768449242264e-01 -2.013805398490418341e-01
4.209406939227036681e-01 3.988489160270246581e-01 -8.146953261090553733e-01
1.150952838799810668e-01 9.251585538107391649e-03 -9.933113730314466761e-01
8.765743713605195220e-01 -2.037583412379330716e-01 -4.360044837497387693e-01
7.603776349976590909e-01 -5.923102188398438050e-01 -2.664478501569556568e-01
4.409940496703761981e-01 -8.251217771036244431e-01 -3.531264661628725765e-01
9.957968797226229851e-01 5.655983771660025305e-02 -7.203859446268959243e-02
9.858762427466659373e-02 4.477565803762437735e-01 -8.887038455355358302e-01
5.900284186776550976e-01 -4.939708373173852252e-01 -6.386386122312892599e-01
7.421730828722100659e-01 -3.526324594580886318e-01 -5.699381226032340653e-01
2.678181243560089908e-01 5.349388391716924929e-01 -8.013200924799475100e-01
7.817566534490510977e-01 4.266676356032839124e-01 -4.547650640900678387e-01
5.019004441973521358e-01 7.896667298200188423e-01 -3.528773156918108556e-01
8.297537091930812236e-01 -5.566311442880161886e-01 -4.087237806804935175e-02
4.134401211252321517e-01 -6.086937662325817566e-01 -6.771699677285967223e-01
9.590824317302652779e-02 2.214723085172123074e-01 -9.704388829037716713e-01
1.242282162658929351e-01 -8.239546648196849343e-01 -5.528707449352655567e-01
3.403445325372034813e-01 -7.719816265275291078e-01 -5.368519046030693076e-01
4.563854440334429441e-01 -4.180963576665601700e-01 -7.854347599771435151e-01
-3.472843418769130941e-02 9.941265753211492306e-01 -1.025001858491714907e-01
6.140381857834557033e-01 -7.223479404681569793e-01 -3.180731980239363543e-01
6.256033196026260512e-01 -2.883705059571063933e-01 -7.248882243464969122e-01
-2.767693090745797502e-01 3.379210074034433298e-02 -9.603420450453756807e-01
-8.798844499637371863e-02 1.274610301787103550e-01 -9.879330540744661882e-01
8.904326228700935042e-01 3.483985569571681484e-01 -2.928279181342665627e-01
9.499231976800440735e-01 1.470509774782383927e-01 -2.757207437463032873e-01
3.433578845416639380e-01 9.376908105887886702e-01 -5.330391036700896090e-02
-9.679695453314765552e-02 -5.061300985098493577e-01 -8.570079771947972658e-01
1.039111619608191900e-01 -4.191746178123651467e-01 -9.019396377817143762e-01
5.327258688692343425e-01 -8.336590804650773068e-01 -1.456560544421053038e-01
-2.281901569975103294e-01 8.009024746029720365e-01 -5.536104031033806105e-01
7.785901793517079339e-01 -1.461503941352584046e-01 -6.102764905443957000e-01
5.083130280373012733e-01 8.502831766243231781e-01 -1.365151459626373076e-01
9.613221784190585373e-01 2.601162612020056497e-01 -9.054943366982451392e-02
3.113818640038344965e-01 -1.044549507015740536e-01 -9.445265999660514833e-01
9.382923564249091575e-01 -2.500264421298062922e-01 -2.389439936690228583e-01
4.654507105256134869e-01 2.020903172591387575e-01 -8.616931819048484487e-01
-6.750703340906742678e-02 5.581235562707637099e-01 -8.270071924572257593e-01
1.289353795734355657e-01 -2.030809855519245255e-01 -9.706357613448586275e-01
-5.983598952484712324e-02 7.388628013597083877e-01 -6.711940219671703733e-01
4.876502095565085071e-01 -2.029515775801673302e-03 -8.730367427463803232e-01
7.885242541742972788e-01 5.493492379987404695e-01 -2.764867361901314768e-01
-2.350463321498002522e-01 6.420179381812188835e-01 -7.297713263731744338e-01
5.944503971416261745e-01 3.434796841641381548e-01 -7.270835109563873466e-01
2.638175276705440608e-01 3.163210007391970002e-01 -9.112306714466730240e-01
2.442453199172997802e-01 -8.920968441384543590e-01 -3.801413478914207889e-01
9.876441319307180944e-01 -1.484733055657430079e-01 -5.014724516062554760e-02
8.840935197945368751e-01 4.537082387061529554e-01 -1.119262363678310002e-01
-7.272730259182522139e-02 -8.333960539604619300e-02 -9.938637983296044753e-01
6.477652938116847947e-01 -7.901782612074867429e-02 -7.577310256866963689e-01
9.636417701571221572e-01 -5.418502096342978774e-02 -2.616457955168417504e-01
6.577038601669648044e-01 6.251198060081145647e-01 -4.202985373015836190e-01
4.938075587752095985e-01 6.856341164370056696e-01 -5.348457284807597301e-01
3.258273071918642017e-01 8.160590487459753462e-01 -4.773721764492695474e-01
-2.196542155484141889e-01 9.745444064360075931e-01 4.489126280358691351e-02
-7.613103998964988739e-02 3.446252178091032126e-01 -9.356481838811651075e-01
1.354234049440954657e-01 7.981725231113170338e-01 -5.870103276293030525e-01
3.396987502458673758e-01 9.002887303918680750e-01 -2.721855268209431578e-01
1.074514911690592212e-01 6.500960659539269937e-01 -7.522162468843472949e-01
7.605853543653980919e-01 6.444862919911578114e-01 -7.840496260027245146e-02
6.180559419151532285e-02 -6.074414820518521108e-01 -7.919563841584228436e-01
7.426816508084372881e-01 2.787843510292489224e-01 -6.088540475135686414e-01
5.280325749153007564e-01 -6.782276481541934521e-01 -5.110663920740132760e-01
-2.615777412489834752e-01 -1.692148172396074624e-01 -9.502333560287422598e-01
-2.434165964684494032e-01 4.462320441648748304e-01 -8.611767085355672702e-01
4.681749455176336117e-01 5.532258914380654424e-01 -6.890234636295912152e-01
7.801714627172554595e-01 6.436818373159886031e-02 -6.222453098937051896e-01
-5.574781959577117252e-02 -2.920043917136048717e-01 -9.547908754435626699e-01
