9.904835044031835567e-01 -6.776009530790687296e-02 -1.197956467867346553e-01
4.981819428475652844e-01 -2.663489099516494485e-01 8.251502953936291629e-01
-5.741247758671427226e-01 2.133296172378685851e-01 7.904879607841269751e-01
2.533341486448285051e-01 5.470562564630361280e-01 -7.978416267625102476e-01
4.933732564007604071e-01 8.356025635785317984e-01 -2.415599006654362002e-01
-2.293107843190411166e-01 -9.142102972369702263e-01 3.341198836059846022e-01
-4.058256520234296977e-02 6.202341210913656644e-01 7.833662556145871703e-01
-5.184549806566780550e-01 -4.522766460952855616e-01 7.257067372080014955e-01
2.159173473906135232e-01 -9.720864810070153350e-01 -9.180181119781177790e-02
2.480727981587588921e-02 9.756514675359371225e-01 2.179192803840655224e-01
-2.798403424914195914e-01 -8.997564101206798615e-01 -3.348548717893049531e-01
4.139332110880311610e-01 -8.016254033621613706e-01 4.313421025622278249e-01
-8.919265161582158319e-01 3.846457180078212135e-01 2.377283352739333888e-01
-3.547651026076208136e-02 9.178749439114264330e-01 -3.952809185368221234e-01
7.397790549481662037e-01 3.192906038457881124e-01 -5.922672202273143727e-01
2.820977064481818841e-01 -7.079214905232453781e-01 -6.475091097984814192e-01
-8.458028730911500981e-01 3.960742533072064142e-01 -3.574110878776630140e-01
-8.769714879308476707e-02 -1.449152217794128644e-02 9.960417691435083931e-01
7.181921687329623216e-01 -6.788909676302524732e-01 -1.526665085757299978e-01
8.458028730911881787e-01 -3.960742533071906490e-01 3.574110878775903499e-01
-6.888240125830283889e-01 -5.484287384957634570e-01 -4.740753088708181684e-01
1.428545832291704294e-02 -5.940042467433699347e-01 8.043350548940073619e-01
-3.996403829235049554e-01 5.831848040909540787e-01 -7.072362042586267661e-01
-8.904322116453938785e-01 -1.703063053275885863e-01 4.220500430398727021e-01
-7.157582094258960748e-01 -6.864064636970221844e-01 1.285937488153423292e-01
-2.043605434862168502e-01 -4.801521648833027567e-01 -8.530478690108168616e-01
8.692379032094244007e-01 4.942247942241501657e-01 -1.293523862090142744e-02
8.545096976880620643e-01 1.872047275941102207e-01 4.845281896066233607e-01
3.455046319500149066e-01 -1.038036284537946774e-01 -9.326582203684860017e-01
4.180597513011425903e-01 3.122261950336551739e-01 8.530772810694426944e-01
-9.761928914353709130e-01 -1.506461016558872934e-01 -1.560550888850927020e-01
-1.604328897909455265e-01 1.241045452354156003e-01 -9.792136384493616008e-01
-5.355975396739579564e-01 8.381782223853027070e-01 -1.029200807141980034e-01
5.112332720347488868e-01 7.478539934360244334e-01 4.235031830652934426e-01
-4.866414112561732730e-01 7.359190562743705977e-01 4.707475751003286635e-01
-6.719431945697146302e-01 -2.794199417072567790e-02 -7.400753936141978295e-01
7.443065753115711836e-01 -2.995237631055414629e-01 -5.969030384267244305e-01
