9.793942828834552028e-01 -1.830524269245988322e-01 8.531499078249431267e-02
-1.649798013266120522e-01 -9.850591160662310886e-01 4.939841099718802336e-02
1.962391525161488182e-01 8.305389017191872753e-03 9.805208899013914126e-01
-5.206548062109975783e-01 -8.449131896678444553e-01 1.226387976730745344e-01
7.078791711802707720e-01 1.776347717807877091e-01 6.836321868252841494e-01
-3.345883246822909385e-01 4.502615892271669695e-01 -8.278376376155677230e-01
-7.854689238762551096e-01 5.902800103894171313e-01 -1.860324674871228490e-01
9.472434883373834769e-01 -3.091136720338796273e-01 -8.472609730275701412e-02
5.154744031927512848e-01 -1.907303880449244815e-01 8.354089170755297777e-01
7.744679173668912453e-01 -2.971057820691894863e-02 6.319151260351352217e-01
9.195984662722169745e-01 2.714519022085573607e-01 -2.839938830628968569e-01
-4.366537489542028916e-01 8.020254153258820073e-01 -4.075398590268027310e-01
2.005843450084028590e-02 6.393193093646623026e-01 -7.686796991457927053e-01
9.118023036209387255e-01 -3.846011767045360852e-01 1.438697118542869857e-01
-7.498489444823899230e-01 1.235704727226539512e-01 6.499668443311131805e-01
-8.815045533157305213e-01 -7.878750747226000162e-02 -4.655558518050685324e-01
-8.154077873142370758e-02 9.574035302818377779e-01 -2.770010498314887104e-01
2.009506686096723393e-01 -6.916830755936651531e-01 6.936810158297644913e-01
-9.731893761711768454e-01 2.245197303540877876e-01 4.993324332830000045e-02
-7.815951331669961366e-01 3.495230666078160686e-01 -5.166649530582986261e-01
-7.361509715642952090e-01 3.737627066620479842e-03 -6.768070457736495849e-01
-9.233487118260604865e-01 -3.769036744207661105e-01 7.328558232885885870e-02
7.808038835577280068e-02 7.126135807653349863e-02 -9.943969387519753234e-01
2.261911301369557425e-01 8.668609782060056057e-01 -4.442855130556180310e-01
-8.794303828752895180e-01 -2.817339690090679416e-01 -3.837032347820632516e-01
9.796312036783463295e-01 1.733365210638102283e-01 -1.013763051467624493e-01
-6.088057853200234959e-01 -6.342776670308527542e-01 4.764948655198374405e-01
8.705906713091171589e-01 3.465552410465976285e-01 3.492439662079721563e-01
5.519109716548156186e-01 8.156842323236379588e-01 1.733594892286969835e-01
1.864846494991408143e-01 -7.484883586571610126e-01 -6.363871875327877792e-01
-4.700013908244468630e-01 8.436556615784992497e-01 2.595068733379334303e-01
1.582177537347953244e-01 -5.783307705783240493e-01 -8.003128527053640084e-01
4.842961469314168155e-01 7.062375808619189010e-01 5.164162288752051078e-01
6.345852417237225485e-01 -2.958039979720558099e-01 -7.140038975875359073e-01
-6.264105669436076385e-01 -1.501866722379278651e-01 -7.648880735790598573e-01
3.894300327223638725e-01 -3.711693900249942724e-01 8.429576107505835081e-01
-4.564131334695207820e-01 3.403076678361310337e-01 8.221178399770114886e-01
8.192231493721203739e-01 -2.402464793672564047e-01 5.207255137636938036e-01
-1.254074453897322527e-01 1.302940325080621242e-01 -9.835122966865282867e-01
-1.386020783635183995e-01 -2.158294049919214364e-01 9.665439109601520196e-01
-2.893166349906983181e-01 -2.023481386115852931e-01 -9.356020070083675977e-01
2.504792464496019555e-01 9.671213395320444883e-01 -4.400524650292972351e-02
1.921576686591685568e-01 9.209425424981387831e-01 3.390284114827801232e-01
4.183362834891303228e-01 -8.977511004864821009e-01 -1.379772281639694842e-01
-8.694107448178877151e-01 1.660901546883551683e-01 4.653375305203784063e-01
5.447643341402590433e-01 8.163588259014767923e-01 -1.918074232700142101e-01
-6.673509635659119477e-01 7.263861576232066852e-01 1.643345412292943897e-01
9.919320458273299668e-01 -7.123753921976654080e-02 -1.048619543338752680e-01
4.691602814761359208e-01 -8.457748841831768116e-01 2.540737600976666344e-01
3.733078083075381248e-01 -7.251857848719270860e-01 5.785731221516510203e-01
2.410940535053198996e-01 -9.455920936858110970e-01 2.184702490575280986e-01
-2.055409068418628457e-02 -3.978066078242497583e-01 9.172390267141437015e-01
7.636214503797212894e-01 5.341828428234524084e-01 3.626719881008532709e-01
1.308949630019054164e-02 3.025155586239451910e-01 -9.530545639558365423e-01
-1.656398654729175912e-01 -9.042956732359759275e-01 -3.934625399358965270e-01
8.437761791350177898e-01 1.679947280290773615e-01 5.097249561074546076e-01
-5.025608501776105408e-01 6.554412470986732409e-01 5.637635705422027188e-01
-8.517228866055668313e-01 3.797426738103881760e-01 3.610590341199312325e-01
6.119829396019675904e-01 1.261484266949212951e-01 -7.807454489643410600e-01
-4.709699696229962540e-01 -7.046739405461008299e-02 -8.793302190238125871e-01
4.812015534293064001e-02 8.489046347404513027e-01 5.263509967369240927e-01
-7.769796040440947182e-01 5.689789514388202685e-01 2.693801175273749515e-01
-9.574624428698844669e-01 2.365077036326088677e-01 -1.653172000006755960e-01
-9.525438139006903171e-01 4.218391688336972645e-02 -3.014644253571289179e-01
-6.293571756008546902e-01 4.664680593007578535e-01 -6.215441216614471243e-01
-3.632428244322334354e-01 1.594055547483247126e-01 9.179567090085851699e-01
3.077715354489261590e-01 1.960626994163507664e-01 9.310403320291683604e-01
-6.750157609378064638e-01 7.342867657205175425e-01 -7.194906652108697120e-02
-5.509563094851038789e-01 6.538471606460528607e-01 -5.185856106311177438e-01
-6.982655550319397664e-01 -7.154269967491990734e-01 2.427811727376529352e-02
-9.846372732548478446e-01 -1.746111940711079225e-01 6.091160150789935420e-04
-1.824849487190412511e-01 -9.665274669291298304e-01 -1.803438359428142235e-01
-7.406882674265273803e-01 -2.321639843090687605e-01 6.304607639547662457e-01
6.840839925036665825e-01 -2.214363376906620662e-01 6.949784453854598310e-01
7.341370198647230172e-01 -6.788782684445550109e-01 1.292798119839536596e-02
-8.593908132411139933e-01 4.205916302083708702e-01 -2.907750173509440206e-01
2.784555406722289961e-01 1.467612868314011401e-02 -9.603369841445307253e-01
9.394684459635592733e-01 1.517496866334551719e-01 3.071987494204083680e-01
-8.382599275061931587e-01 -5.401810051585911321e-01 -7.432883426481116940e-02
5.591092606665369891e-01 -6.070747542490720905e-01 -5.646743108999621175e-01
8.660504206232435553e-01 -4.345568903622601398e-01 -2.472184822722315600e-01
-2.582931519998998837e-01 3.704290311133043856e-01 8.922258573581104413e-01
-5.302869273553592055e-01 8.463963964873988388e-01 4.908069568738748778e-02
9.394228082393485391e-01 -2.026714105953887901e-01 -2.764219359728377068e-01
8.671030231856742265e-01 4.703617876037851642e-01 1.639882189196402162e-01
-3.011513879945026950e-01 -5.969725307157517369e-01 7.435937325447378177e-01
4.489401280830851992e-01 5.346106374262060701e-01 -7.159917791060794734e-01
-3.757628459198381066e-01 9.235323310209877512e-01 -7.674840184111181296e-02
-7.140297672122353223e-01 -6.732899516203850743e-01 -1.919430451510565905e-01
-4.601270988708726639e-01 -2.973296911386617003e-01 -8.365871787518991409e-01
8.244624500405222101e-01 -4.289005911660963011e-01 3.691963588262384133e-01
8.191834794047793133e-01 5.731166621424980123e-01 -2.181097533172463368e-02
-3.339405137298835369e-01 7.332295974148469453e-01 -5.923327534120352844e-01
4.266192350831847224e-01 8.058614976133798846e-01 -4.105889366767679349e-01
6.577666400144086545e-01 7.531513463794746732e-01 -1.030032673946765578e-02
-2.439149467483169575e-01 9.142097444654949667e-01 3.236140322623545229e-01
-6.392909492132227145e-01 7.018146102421901622e-01 -3.142663442124519757e-01
5.605828654109292764e-01 -4.032393872412634583e-01 7.232875276022409095e-01
9.575041052172011957e-01 4.341627795133116974e-02 -2.851331536336306205e-01
-1.825162771464646505e-01 -7.805325494458975610e-01 -5.978768667811813486e-01
3.951216967490558257e-02 -9.911019064529575928e-01 1.271054659442084622e-01
1.754478556687697477e-01 3.739496351133411167e-01 9.107028715996394741e-01
3.529400537757689249e-01 -6.172431859845035618e-01 -7.031672402753536000e-01
-3.859173266637353494e-01 8.021386927933897848e-01 4.556767873223606657e-01
2.655990833334047063e-01 8.182084585405602351e-01 5.098941510795506060e-01
3.276093779746032664e-01 6.781811992654549481e-01 6.578315562710280728e-01
2.209718586317314382e-01 2.426589992758587666e-01 -9.446099977044901674e-01
7.274388108415859033e-01 5.416764142155678918e-01 -4.212118692106670004e-01
-8.743532707354996214e-01 -3.898321545733120508e-01 2.890281114612614499e-01
1.163628995727285509e-01 9.828076900651067094e-01 1.433482471183944174e-01
4.780443836622348397e-01 5.336702801905743865e-01 6.976170864380458747e-01
-1.723309161813880996e-01 9.822761673747805178e-01 -7.372642901697697149e-02
-8.694332574244204581e-01 -2.309127509009633039e-01 4.367666566436946840e-01
-5.494820792417761668e-01 -8.303814875934134587e-01 -9.239063618291623592e-02
7.821446315445004793e-02 -9.326451332245312420e-01 3.522152086807970872e-01
3.086211646111426954e-01 -1.757673763305960812e-01 9.348041539124227750e-01
-4.105427846100218603e-01 -7.355274429226942301e-01 5.389378467989160981e-01
6.363923459976266184e-01 5.484576772429538005e-01 5.424011045609153925e-01
9.535539198616824752e-01 2.742152445120656923e-01 1.246632327256442241e-01
3.229123070903039405e-01 -4.290428804116803163e-01 -8.435934143280551245e-01
-4.290387157123920492e-01 -4.964386751500282635e-01 -7.546352908757619771e-01
-4.648130229526281632e-01 -5.585088669929604011e-02 8.836455919363497280e-01
7.520491889501456084e-01 -6.277867823244666079e-01 -2.007629780067057002e-01
6.187713403863245309e-01 7.024879487857224047e-01 3.516144339007423181e-01
-8.998171856036438765e-01 4.089131449526876572e-01 1.520495721047573356e-01
1.279835918281848617e-01 -3.735406174217834607e-01 -9.187424053340029761e-01
7.348174927751239816e-01 6.564373951550128705e-01 1.706845000396410850e-01
7.296200275530352330e-01 2.467745189224433700e-01 -6.377750012379793665e-01
4.171905295637372557e-01 -8.421903050924303136e-01 -3.415663215989652168e-01
-5.618363807961600509e-01 -2.382567278421347523e-01 7.921954385452057990e-01
-6.263042029710624847e-01 -3.527354773769342811e-01 -6.952127216474455196e-01
2.162394019060753791e-01 -8.683306092416164246e-01 -4.463658523200288997e-01
2.066278434828857091e-01 -9.781648093947432621e-01 -2.232800840553769012e-02
-5.208240246110789062e-01 -6.998924798771640754e-01 -4.887666641653371502e-01
3.939552790218289191e-01 -7.489900564469395006e-01 -5.327411505360207800e-01
6.077225919189624959e-01 7.064167046784780579e-01 -3.628342467608290378e-01
8.905707442389302342e-01 -4.108297574692727772e-02 4.529855832247811631e-01
6.000084499980397057e-01 -7.805169702353755845e-01 -1.754511872445996268e-01
-6.915166645742766294e-01 2.370716605433609014e-01 -6.823501523289058346e-01
9.951518599825538436e-01 6.224033338261546894e-02 7.615061702760141105e-02
-2.202028199891233051e-01 3.081627695405871337e-01 -9.254979338377329334e-01
-2.175185130484375007e-01 6.265540668180884509e-01 -7.484087772300048735e-01
4.024979988473418868e-01 3.739896401658153180e-01 8.355400109944043363e-01
5.908603161570564755e-01 -7.119673526406358199e-01 -3.794556305612920566e-01
5.462344373906193873e-01 3.363385115497579680e-01 -7.671403685487074853e-01
6.906133027799913338e-01 -5.927168177691656270e-01 4.144152988933998416e-01
-5.814491827596811602e-01 4.838188095228665997e-01 6.540918952410088583e-01
-9.619692949359186507e-01 -1.523053801816314223e-01 -2.267556984250240215e-01
-6.926266217377641254e-01 -5.998458208482327914e-01 -4.005662917308970283e-01
3.647231776712074880e-01 -5.558225223229440459e-01 7.470196298277422819e-01
-5.792054955523781024e-01 1.032915685252771137e-01 -8.086110596532253281e-01
-3.079564576185519487e-01 3.341702209318140465e-02 -9.508134006446569142e-01
7.568751289799197091e-01 3.672045551323999124e-01 5.406485492643500201e-01
-5.526879613727010421e-01 -7.785486261382824624e-01 -2.973181025297326197e-01
1.286887838692631070e-01 -5.517886618836272961e-01 8.239954305230862142e-01
-8.976972886936270823e-01 2.312639841854634559e-01 -3.750420609622022172e-01
-9.765080748206630967e-02 4.851411454036644866e-01 -8.689662760053009638e-01
4.241694591817028459e-01 1.850267555892113613e-01 -8.864791986356092002e-01
4.190818699971574635e-01 8.382632753575172124e-01 3.488338679465813885e-01
-9.264866916075351622e-01 -3.463907110043754622e-01 -1.470914192059046000e-01
-7.553356435433926652e-01 -4.127667695183727670e-01 -5.090104709868505939e-01
-7.762492275858653423e-01 -2.089483702166548273e-01 -5.947921613943405461e-01
-8.328678126072205368e-01 1.182906690336364558e-01 -5.406833864124533928e-01
-9.024017910936970033e-01 4.255436758434735789e-01 -6.770219627539685037e-02
-3.498941068617202887e-01 -8.215188235535579864e-01 -4.502009957014947439e-01
1.216803287400296807e-01 7.152418367474250305e-01 6.882027408866431273e-01
6.535185237990648321e-01 -7.206696520211037793e-01 2.314061185605777726e-01
-2.154887443068447817e-01 -7.508947314964399267e-01 6.242769443828185549e-01
-6.979421805711533144e-01 5.394267200333163759e-01 4.710578799825788088e-01
-4.550705671966371463e-02 3.828053471915897621e-01 9.227075235144882592e-01
-8.055683565774761634e-01 5.907390509620883412e-01 4.568365735660035593e-02
5.060931872569184309e-01 -4.679049407281222206e-01 -7.245237416774871209e-01
-8.284971121393330806e-01 -4.780726457650110173e-01 -2.916146096272057564e-01
-3.169366040642121463e-01 9.399301025305273338e-01 1.268171572035788064e-01
-4.219685846408365026e-02 -5.099290083961202091e-01 -8.591809073366980520e-01
-8.137861393175609415e-01 -5.645804465684955975e-01 1.378442556189310719e-01
-9.441503487159834673e-01 1.981775952786530570e-01 2.632598711331774477e-01
-2.573409636027961800e-01 -4.173702529650561988e-01 -8.715375496166927194e-01
6.993131118210276220e-01 -4.330104248435589498e-01 -5.687382030530315769e-01
2.437975004010195790e-01 6.075498607384898220e-01 -7.559404378089960019e-01
4.724076362816800323e-01 -2.573038391874842290e-01 -8.429862154994808288e-01
-3.474531293443992863e-02 -7.344288397329054238e-03 9.993692133826340696e-01
-5.870168851883159622e-01 -5.376126352684970078e-01 -6.052964818198348640e-01
-5.607041480772637643e-01 1.208107080649980930e-01 8.191554377197185488e-01
6.502583402343471430e-01 4.512249027573956295e-01 -6.111956954096217087e-01
1.276021939598925327e-02 -9.942744636707857575e-01 -1.060917889996087493e-01
-3.725595180353087899e-01 -6.728460176486620314e-01 -6.391225563658623487e-01
-5.259200252620425120e-01 3.501001545170985829e-01 -7.751374128730185165e-01
-9.962966625994345016e-01 3.101941672569216019e-02 -8.019199385990052886e-02
3.893674709766583586e-01 -9.184640201703355711e-01 6.940328664974285133e-02
-9.505442318851645839e-03 -7.351252136047035091e-01 6.778647113465650076e-01
-6.000431274112187907e-01 7.080742362742328266e-01 3.722621672574663587e-01
-2.804630455124973998e-01 -8.654359839501842844e-01 4.151638685941146933e-01
9.458589317103663352e-02 -1.528376406518380803e-01 -9.837144730118677627e-01
6.186623468242432589e-01 -5.620381250186866698e-03 7.856368830041791096e-01
3.756115369455181874e-02 5.614447616263233964e-01 8.266613208415494185e-01
-9.899579141869464527e-01 1.271225814583149330e-02 1.407896538509277318e-01
2.261625409989215796e-01 -9.446345100648972926e-01 -2.377312504559774553e-01
8.711555433612664379e-01 1.431313519290912939e-01 -4.696822706531376679e-01
-2.116084601529330256e-01 -6.088176884284458579e-01 -7.645671205645376833e-01
8.134221391752430863e-01 3.534994850020439228e-01 -4.619334774649496711e-01
-9.553167057943461327e-01 -1.956395319019732792e-01 2.215742881911517137e-01
2.905119234303974590e-02 -9.462227052944710559e-01 -3.222089697830590183e-01
-3.511917623748015971e-01 -2.358323933066696632e-01 9.061166747761180140e-01
-7.705908217246974778e-02 -8.659495874649089098e-01 4.941590936369486542e-01
-4.357165881808435226e-01 -4.171460175670459458e-01 7.975840111311152114e-01
1.333167105286635346e-01 4.640132005408001969e-01 -8.757387763583954765e-01
-4.091343824594742551e-01 2.114665786584676577e-01 -8.876322116732734413e-01
-6.681539915151689657e-01 -5.653199623908440608e-02 7.418722107098848495e-01
1.270829457781069705e-02 -8.475412999769678102e-01 -5.305772743741247188e-01
-1.007679079455605781e-01 9.854599131730916728e-01 1.368012728638069997e-01
7.799643704960480539e-01 -1.938099882326358436e-01 -5.950573663252720635e-01
7.366179021210331745e-01 -5.467553221604860569e-01 -3.980611560602103638e-01
-6.351089061427973581e-01 2.903249016737892707e-01 7.157849738617066970e-01
-1.233783894930244943e-02 -6.980271814733031155e-01 -7.159649653820341353e-01
1.195211511726082185e-02 8.861077332556299702e-01 -4.633251903456072074e-01
-1.111263302277458315e-01 -8.705836167971121864e-02 -9.899857475700135634e-01
-2.636351953120412081e-02 9.401372047331164605e-01 3.397749271422624839e-01
7.388152976140741068e-02 1.914038284926529998e-01 9.787267718819534501e-01
9.156028087970700113e-01 -2.457146284557741034e-01 3.182700392524515087e-01
9.662032399955458040e-01 -5.074874776487588168e-02 2.527367476692038983e-01
1.279479678905022233e-01 7.700165716916653746e-01 -6.250630342876671852e-01
3.757764430237115622e-02 9.970414563688071441e-01 -6.705411941598143910e-02
6.062440203433094865e-01 3.660907447376690049e-01 7.060069081924056356e-01
8.887056060476807851e-01 -8.202048862544655816e-02 -4.510820160736485063e-01
5.451024764661994704e-01 -5.837580343204601396e-01 6.017390194400965564e-01
-4.447272945347016671e-01 5.694239798111894180e-01 -6.913566118233273050e-01
7.757160225849067947e-01 3.003950746943390496e-02 -6.303667823545640037e-01
-3.881934077243609504e-01 5.348866019254094883e-01 7.504679881780678130e-01
-8.319596638062662919e-01 -4.832161705385781131e-02 5.527279069530184330e-01
1.443594618631344195e-01 -8.315256343881909373e-01 5.364004708479503947e-01
4.570785593359618093e-01 8.893326293286065720e-01 -1.290988020195423837e-02
6.423326866204379648e-01 -8.732161597081279647e-02 -7.614352599421806422e-01
-7.271446324472357059e-01 5.400263513546229577e-01 -4.238304181459702225e-01
8.457950333757690009e-01 4.730279597871023811e-01 -2.467292256230158853e-01
-7.558978530145236130e-01 -4.216409707901224158e-01 5.008366276134330608e-01
7.083525390023563961e-01 -4.244172175506384925e-01 5.640094909977040327e-01
5.271361445620864616e-01 -7.336404821012451061e-01 4.288346162782006865e-01
-4.861425893132370613e-01 -8.025342087671358815e-01 3.458384400472688247e-01
-8.856957494303971390e-02 7.202092785335849623e-01 6.880799557526307009e-01
5.248788939928404895e-01 1.930857726436135402e-01 8.289873527644866513e-01
-1.799754750562090055e-01 5.588742782990125946e-01 8.094864850224799957e-01
-2.996807293179372667e-01 7.028255570238751693e-01 6.451571102216488995e-01
2.556317864183372257e-01 5.389503212911951335e-01 8.026113262050861286e-01
9.217900276088111244e-01 3.826789505415951198e-01 -6.212862314047035844e-02
5.398817704355610703e-01 6.351903274695414048e-01 -5.523232041481697108e-01
-1.501407212331085927e-01 1.837760345441278309e-01 9.714340600137703063e-01
8.606498228583038257e-01 -5.082021974699734157e-01 -3.181837363317239348e-02
-1.277741238377242405e-01 -9.528869261824574055e-01 2.751004892544724467e-01
2.910740325452738642e-01 -2.085134592773916218e-01 -9.337012610455274197e-01
-9.895517115580243495e-02 7.701836727692290552e-01 -6.300991860820222001e-01
-3.611309178543640752e-01 -9.321875158783963222e-01 -2.471629847144158829e-02
8.011370286136763053e-01 -5.654078950250878144e-01 1.961972824158087769e-01
-5.192479980734517886e-01 8.306497333085293144e-01 -2.010038234740371133e-01
-6.240975483955313319e-01 -4.158418038553092222e-01 6.614966698729858319e-01
1.360916489651321504e-01 9.553657008199551992e-01 -2.622125869952608435e-01
5.757461330140278832e-01 -8.166300905043227809e-01 4.039412831458091130e-02
4.689250636477653167e-01 -3.767715130380685368e-02 -8.824339731405230758e-01
8.359262964144310859e-02 -1.920029105457157492e-01 9.778277734916319686e-01
-7.607696907125008901e-01 3.441745555900221354e-01 5.502484465926429369e-01
-3.334801095263588144e-01 -9.207498662639033160e-01 2.025109881593883110e-01
8.407648598480732538e-01 -3.260272237564529330e-01 -4.322276018653938845e-01
3.469592329508076611e-01 9.087593024528312080e-01 -2.318961424337002697e-01
-2.305395759387446342e-01 -4.210391871170020006e-01 8.772556678858438595e-01
3.143279353281459576e-01 -8.570203549399635357e-01 4.083063314362439522e-01
3.424998438559329061e-01 4.005917774731261316e-01 -8.498353280368985407e-01
4.231446861185680919e-01 9.840123288095147663e-03 9.060086901257038416e-01
-1.682899940042577591e-01 8.404203438755712963e-01 5.151428185640495316e-01
-9.153896676524272968e-02 -5.869986310383372707e-01 8.043961864172838316e-01
-2.089285744270463763e-01 8.616095101356570085e-01 -4.625774560348520081e-01
3.365576151288486306e-01 9.269417525848285822e-01 1.658552351110699763e-01
-6.534821017352016037e-01 -7.168087340275224317e-01 2.432002909817425340e-01
-2.554178495410664995e-01 -2.699215805808757862e-02 9.664539024387993615e-01
3.424689723998314839e-01 7.235171458074398654e-01 -5.993646157941416863e-01
-9.344530548902277856e-01 -1.948771474140212345e-02 3.555526925512991210e-01
-8.078275836468938598e-02 -3.059022584045935633e-01 -9.486295136953949436e-01
-4.964619105753677597e-01 -5.767423525497618053e-01 6.487633082436319309e-01
-2.980783407201193502e-01 9.137941574025452152e-01 -2.759158217473451913e-01
7.302523515015575395e-01 6.542619055037907083e-01 -1.966541688675700061e-01
-3.732777886143209822e-01 -8.948705602266372461e-01 -2.446842311365134692e-01
-7.526650519968897113e-01 -5.602821885985224126e-01 3.458022392087258812e-01
1.951219989954188772e-01 -3.722040797816976720e-01 9.074092398151406558e-01
