-1.152280038872865175e-01 -5.924396616658156312e-01 7.973316464341834164e-01
-7.790294248504578967e-01 4.568327473671877081e-01 4.294380003564102766e-01
8.595083094515705568e-02 -9.296007935270940159e-01 3.584059421014587632e-01
-5.562300713937035068e-01 -1.354848472536810677e-01 8.199097290811970806e-01
-5.902368144256358029e-01 -6.465516694824914312e-01 4.833129851204916450e-01
-9.188410357195931910e-01 -1.129271396641547270e-01 3.781251277090929008e-01
-3.953667165494583746e-01 -9.183212013080920277e-01 1.926994221483153968e-02
5.697617916896626777e-01 -2.651434750885976396e-02 8.213820609842686915e-01
8.811532857896943183e-01 -2.726197064257990244e-01 3.863254879118601104e-01
-3.199188026168096610e-01 8.361402121033630896e-01 4.455575220282672055e-01
2.032132157612316081e-01 4.919518915044042151e-01 8.465741109821502963e-01
-3.616241264355892215e-01 4.019565278609653070e-01 8.412246673093068949e-01
2.754774474426118641e-02 -7.570291612892497690e-02 9.967498132676435585e-01
7.251591190926606201e-01 4.402016599147009490e-01 5.294966955563541466e-01
-8.468394008707362808e-01 -1.624873157281686020e-01 -5.064196889540797386e-01
2.675947299736965990e-01 8.672812448393718565e-01 4.197812559419178413e-01
6.520677139629682539e-01 7.580865802080758442e-01 1.060345771591658832e-02
4.594223767523573643e-01 -5.845015632889746238e-01 6.687966822973629988e-01
9.482205161443693978e-03 -6.782800281036446277e-01 -7.347423298415542980e-01
-6.320954653799937262e-01 7.691012210158895135e-01 -9.454435190912927056e-02
-6.954428897033116952e-01 3.992985138157921776e-01 -5.974277228465443290e-01
-4.179643327363376515e-01 -2.306558954144130869e-01 -8.786943009208852962e-01
1.342094037672522666e-01 -9.628181157915747246e-01 -2.344549249727982398e-01
-9.667915493321274090e-01 2.384115661700091648e-01 -9.205446896456548345e-02
-5.104091232535967748e-01 -7.014986866595400716e-01 -4.973752300973935947e-01
-8.668198149000340136e-01 -4.967877236244656047e-01 -4.272430400477571916e-02
6.944722098246810527e-01 -1.123546443946707024e-01 -7.106931712519625188e-01
3.414790404264621548e-01 3.967810440724454657e-01 -8.520310252650443728e-01
-4.856949763961957572e-02 9.970271126528456040e-01 -5.981588864311133263e-02
9.294119835694503173e-01 -3.058370291552182652e-01 -2.065358961415910688e-01
6.320966618198664566e-01 -7.691002596626488330e-01 9.454417328967176792e-02
5.559397733255549978e-01 -6.509362290120145333e-01 -5.169264881918405052e-01
8.049868937112775180e-01 3.852548379490404185e-01 -4.511926537410898552e-01
1.872033387763307466e-01 -1.855967581239055808e-01 -9.646288163458994758e-01
-2.363321449260792073e-01 7.786059729027029475e-01 -5.813087443303034396e-01
3.395965786226050609e-01 8.177211485514334077e-01 -4.647647652302673293e-01
9.746112962112619682e-01 2.135279796936487284e-01 6.736930447431145608e-02
-2.176209509040588352e-01 3.028362941247862428e-01 -9.278638373642865700e-01
