-0.800399 0.484870 0.352509 
-0.299885 0.553551 0.776950 
0.640461 -0.028883 -0.767447 
-0.801994 -0.482133 -0.352638 
-0.121364 -0.943425 -0.308579 
-0.940395 -0.234718 0.246098 
0.301534 0.552628 -0.776968 
0.564094 -0.810334 -0.158609 
-0.360555 -0.593151 0.719842 
0.940395 0.234718 0.246098 
-0.640694 -0.026824 0.767327 
-0.000000 0.000000 -1.000000 
0.567149 0.808152 0.158844 
-0.939440 0.238202 -0.246398 
0.358675 -0.594476 -0.719688 
0.801994 0.482133 -0.352638 
-0.301534 -0.552628 -0.776968 
0.800399 -0.484870 0.352509 
0.939440 -0.238202 -0.246398 
0.640694 0.026824 0.767327 
-0.567149 -0.808152 0.158844 
0.117850 -0.943811 0.308758 
0.360555 0.593151 0.719842 
-0.564094 0.810334 -0.158609 
0.121364 0.943425 -0.308579 
-0.640461 0.028883 -0.767447 
-0.358675 0.594476 -0.719688 
-0.117850 0.943811 0.308758 
-0.000000 -0.000000 1.000000 
0.299885 -0.553551 0.776950 
