0.105607 -0.941205 -0.320904 
-0.592969 -0.019737 0.804984 
0.000002 0.000065 -1.000000 
-0.401985 0.626446 0.667813 
0.313503 -0.503756 0.804951 
-0.500089 -0.865974 -0.000069 
-0.898936 -0.317744 -0.301585 
-0.341577 -0.661440 0.667700 
-0.341445 0.661508 -0.667700 
0.174096 -0.937443 0.301481 
-0.868015 -0.378997 0.320798 
0.313604 0.503694 -0.804951 
0.105795 0.941184 0.320904 
-0.402110 -0.626366 -0.667813 
0.743561 0.034833 0.667760 
-0.592965 0.019855 -0.804984 
0.762320 0.562097 -0.320803 
0.279468 0.523303 0.805016 
0.762208 -0.562249 0.320803 
-0.898872 0.317923 0.301585 
0.724786 0.619459 0.301588 
1.000000 -0.000100 0.000000 
0.743554 -0.034982 -0.667760 
0.279363 -0.523359 -0.805016 
-0.867940 0.379170 -0.320798 
0.000002 -0.000065 1.000000 
0.724663 -0.619604 -0.301588 
0.174283 0.937408 -0.301481 
-0.499916 0.866074 0.000069 
