0.861616 0.441568 -0.250271 
-0.861616 -0.250271 0.441568 
-0.861616 0.250271 -0.441568 
0.250272 0.861616 -0.441567 
0.861616 0.250271 0.441568 
-0.441568 -0.861615 0.250273 
0.250272 -0.861616 0.441567 
-0.250272 0.861616 0.441567 
-0.861616 0.441568 0.250271 
-0.441568 -0.250273 -0.861615 
-0.250272 -0.861616 -0.441567 
-0.441568 0.250273 0.861615 
0.441568 0.250273 -0.861615 
-0.250272 -0.441567 0.861616 
0.861616 -0.441568 0.250271 
-0.441568 0.861615 -0.250273 
0.250272 -0.441567 -0.861616 
0.861616 -0.250271 -0.441568 
-0.861616 -0.441568 -0.250271 
0.441568 -0.861615 -0.250273 
0.441568 -0.250273 0.861615 
0.250272 0.441567 0.861616 
0.441568 0.861615 0.250273 
-0.250272 0.441567 -0.861616 
