-0.406608 -0.232034 0.883646 
-0.291869 0.094846 -0.951744 
0.801029 -0.309532 0.512389 
-0.863805 -0.456109 0.214022 
0.381465 -0.902760 0.198770 
0.232695 0.530056 -0.815410 
-0.596546 0.784374 0.169970 
0.325788 -0.824978 -0.461815 
0.971512 0.209065 0.111611 
0.806752 0.197182 -0.557020 
0.291924 0.094844 0.951727 
0.089966 0.933759 0.346410 
-0.381846 -0.902623 -0.198657 
-0.801157 -0.309265 -0.512351 
-0.326134 -0.824782 0.461921 
-0.227262 -0.567124 -0.791658 
-0.232456 0.530268 0.815341 
-0.806656 0.197597 0.557012 
-0.089597 0.933738 -0.346562 
0.863617 -0.456498 -0.213954 
-0.608801 0.543969 -0.577459 
0.609006 0.543817 0.577387 
-0.971430 0.209441 -0.111616 
0.227027 -0.567120 0.791728 
0.596864 0.784108 -0.170080 
0.406523 -0.232321 -0.883610 
