0.511574 -0.138562 -0.847993 
-0.807672 0.218762 -0.547548 
0.221168 0.975236 0.000001 
-0.999967 -0.008151 -0.000001 
0.782006 0.297754 0.547548 
-0.568713 0.706209 0.421705 
0.045002 -0.905616 -0.421704 
-0.847386 -0.322650 -0.421705 
-0.495317 -0.188597 -0.847993 
0.289866 0.443716 0.847994 
-0.752158 -0.658983 0.000001 
0.026304 -0.529354 -0.847993 
-0.332426 0.412795 0.847994 
0.495900 0.759110 -0.421706 
-0.847386 -0.322647 0.421705 
-0.568714 0.706207 -0.421705 
-0.041529 0.835743 -0.547548 
0.045000 -0.905616 0.421704 
-0.457641 -0.700540 0.547548 
0.026303 -0.529354 0.847993 
0.804198 0.594362 -0.000001 
-0.495317 -0.188596 0.847993 
0.524834 -0.651721 0.547548 
0.875197 -0.237053 0.421705 
-0.457639 -0.700541 -0.547548 
-0.301254 -0.953544 -0.000001 
0.394301 -0.918981 0.000001 
0.782005 0.297756 -0.547548 
0.495902 0.759108 0.421706 
-0.041528 0.835743 0.547548 
-0.332427 0.412794 -0.847994 
0.511573 -0.138563 0.847993 
-0.807672 0.218764 0.547548 
-0.000000 -0.000001 1.000000 
-0.000000 -0.000001 -1.000000 
0.995849 0.091022 0.000001 
0.289865 0.443717 -0.847994 
0.524836 -0.651720 -0.547548 
0.875198 -0.237051 -0.421705 
-0.859159 0.511709 0.000001 
0.813783 -0.581170 -0.000001 
-0.316760 0.948506 -0.000001 
