-0.535325 -0.764591 -0.358924 
-0.016328 0.933224 0.358925 
0.011494 -0.656939 0.753856 
0.573543 0.819175 0.000001 
0.628337 -0.192074 0.753857 
-0.000000 0.000000 1.000000 
-0.621234 -0.213936 0.753857 
0.376841 0.538230 0.753856 
0.882503 0.303911 -0.358924 
0.017493 -0.999847 0.000001 
-0.892594 0.272853 0.358924 
0.561744 -0.745398 -0.358924 
-0.395438 0.524719 0.753856 
-0.535327 -0.764590 0.358924 
-0.395437 0.524719 -0.753856 
-0.945505 -0.325607 -0.000001 
-0.892594 0.272854 -0.358925 
-0.621234 -0.213936 -0.753856 
0.956317 -0.292333 -0.000001 
-0.016327 0.933224 -0.358924 
0.628338 -0.192074 -0.753856 
0.561745 -0.745396 0.358924 
0.011493 -0.656938 -0.753857 
0.376840 0.538230 -0.753857 
-0.601847 0.798611 0.000000 
0.882504 0.303910 0.358924 
-0.000000 0.000000 -1.000000 
