-0.265447 -0.328017 0.906611 
0.137232 0.639573 -0.756382 
0.986680 -0.007360 -0.162505 
0.439703 0.009488 0.898093 
-0.932714 -0.356879 -0.051780 
-0.397261 -0.873912 -0.280108 
0.257564 0.727411 0.636030 
-0.627107 -0.353738 -0.693979 
0.224814 0.974381 0.006305 
-0.509334 -0.756668 0.409919 
-0.929719 0.362507 -0.064889 
0.702984 -0.635027 -0.320239 
0.819479 -0.405634 0.404864 
0.129515 -0.660832 -0.739274 
0.709938 0.619561 -0.334863 
-0.503339 0.771293 0.389560 
0.823888 0.406331 0.395100 
0.249520 -0.711590 0.656795 
0.216219 -0.975781 0.033173 
-0.826639 0.013198 0.562578 
-0.620764 0.342591 -0.705183 
0.616035 -0.012880 -0.787614 
-0.052297 -0.013848 -0.998536 
-0.259342 0.355824 0.897848 
-0.389416 0.869962 -0.302525 
