0.428185 -0.151171 0.890957 
0.348116 -0.937413 0.008531 
-0.010138 0.967995 0.250763 
-0.999876 -0.015719 0.000413 
-0.796586 0.407255 -0.446760 
-0.680209 0.718211 0.146588 
-0.304005 0.332773 -0.892661 
-0.665368 -0.248187 -0.704052 
-0.232484 -0.804859 -0.546035 
-0.258756 0.869560 -0.420608 
0.914751 -0.375219 -0.149806 
0.907832 0.079646 0.411702 
0.672406 -0.588855 0.448465 
0.663890 -0.078517 -0.743697 
0.008772 -0.266743 -0.963728 
0.326100 0.484078 0.811990 
0.435985 -0.686034 -0.582473 
0.016292 -0.701017 0.712958 
0.411836 0.857265 -0.309012 
0.652101 0.698632 0.294410 
-0.307527 0.599658 0.738808 
0.325662 0.469054 -0.820934 
0.903484 0.338430 -0.263022 
-0.283461 -0.946502 0.154223 
-0.780476 -0.609395 -0.139624 
-0.792348 0.164890 0.587363 
-0.660863 -0.501568 0.558292 
-0.243314 -0.076249 0.966946 
