-1.000000 -0.000000 -0.000000 
-0.700161 0.139876 0.700150 
0.700161 -0.139770 0.700171 
0.000000 -0.000075 -1.000000 
0.139824 -0.700108 0.700213 
-0.577349 -0.577307 0.577394 
-0.139824 0.700213 0.700108 
0.577349 0.577394 0.577307 
-0.000000 0.000075 1.000000 
-0.700161 -0.139876 -0.700150 
-0.000000 1.000000 -0.000075 
-0.700161 -0.700171 -0.139770 
0.700161 -0.700150 0.139876 
-0.577350 0.577307 -0.577394 
0.700161 0.700150 -0.139876 
1.000000 0.000000 0.000000 
-0.700161 0.700171 0.139770 
0.577350 -0.577394 -0.577307 
0.000000 -1.000000 0.000075 
0.700161 0.139770 -0.700171 
0.139824 0.700108 -0.700213 
-0.139824 -0.700213 -0.700108 
