0.670601 -0.126037 -0.731033 
0.225813 0.643895 0.731032 
0.325415 -0.935052 0.140649 
-0.670535 -0.126388 0.731033 
0.972389 0.186218 -0.140650 
0.782510 0.105714 0.613598 
-0.782565 0.105305 -0.613598 
0.866156 -0.499773 -0.000001 
0.647072 0.749344 0.140649 
-0.865894 -0.500227 0.000001 
0.300085 -0.730373 -0.613599 
-0.647464 0.749005 -0.140649 
-0.000262 1.000000 -0.000000 
0.482478 0.625069 -0.613599 
-0.226150 0.643777 -0.731032 
0.000001 -0.000000 1.000000 
0.444724 -0.517507 0.731031 
-0.000001 -0.000000 -1.000000 
-0.482806 0.624816 0.613599 
-0.324925 -0.935223 -0.140649 
-0.972486 0.185709 0.140650 
-0.299703 -0.730530 0.613599 
-0.444453 -0.517740 -0.731031 
