1.944078617325582403e+00
1.944078617325582403e+00
1.835344331372692261e+00
1.783285941235270622e+00
1.733298644268958633e+00
1.733298644268958633e+00
1.733298644268958633e+00
1.733298644268958633e+00
1.733298644268958633e+00
1.733298644268958633e+00
1.733298644268958633e+00
1.733298644268958633e+00
1.733298644268958633e+00
1.733298644268958633e+00
1.733298644268958633e+00
1.733298644268958633e+00
1.733298644268958633e+00
1.733298644268958633e+00
1.733298644268958633e+00
1.733298644268958633e+00
1.733298644268958633e+00
1.733298644268958633e+00
1.733298644268958633e+00
1.733298644268958633e+00
1.733298644268958633e+00
1.733298644268958633e+00
1.733298644268958633e+00
1.733298644268958633e+00
1.733298644268958633e+00
1.732979171723030509e+00
1.732979171723030509e+00
1.732979171723030509e+00
1.732979171723030509e+00
1.732979171723030509e+00
1.732979171723030509e+00
1.732979171723030509e+00
1.732979171723030509e+00
1.732979171723030509e+00
1.732979171723030509e+00
1.732979171723030509e+00
1.732979171723030509e+00
1.732979171723030509e+00
1.732979171723030509e+00
1.732979171723030509e+00
1.732979171723030509e+00
1.732979171723030509e+00
1.732979171723030509e+00
1.732979171723030509e+00
1.732979171723030509e+00
1.732979171723030509e+00
1.732979171723030509e+00
1.732979171723030509e+00
1.732979171723030509e+00
1.732979171723030509e+00
1.732979171723030509e+00
1.732979171723030509e+00
1.732979171723030509e+00
1.732979171723030509e+00
1.732979171723030509e+00
1.732979171723030509e+00
1.732979171723030509e+00
1.732979171723030509e+00
1.732979171723030509e+00
1.732979171723030509e+00
1.732979171723030509e+00
1.732979171723030509e+00
1.732979171723030509e+00
1.732979171723030509e+00
1.732979171723030509e+00
1.732979171723030509e+00
1.732979171723030509e+00
1.732979171723030509e+00
1.732979171723030509e+00
1.732979171723030509e+00
1.732979171723030509e+00
1.732979171723030509e+00
1.732979171723030509e+00
1.732979171723030509e+00
1.732979171723030509e+00
1.732979171723030509e+00
1.732979171723030509e+00
1.732979171723030509e+00
1.732979171723030509e+00
1.732979171723030509e+00
1.732979171723030509e+00
1.732979171723030509e+00
1.732979171723030509e+00
1.732979171723030509e+00
1.732979171723030509e+00
1.732979171723030509e+00
1.732979171723030509e+00
1.732979171723030509e+00
1.732979171723030509e+00
1.732979171723030509e+00
1.732979171723030509e+00
1.732979171723030509e+00
1.732979171723030509e+00
1.732979171723030509e+00
1.732979171723030509e+00
1.732979171723030509e+00
1.732979171723030509e+00
1.732979171723030509e+00
1.732979171723030509e+00
1.732979171723030509e+00
1.732979171723030509e+00
1.732979171723030509e+00
1.732979171723030509e+00
1.732979171723030509e+00
1.732979171723030509e+00
1.732979171723030509e+00
1.732979171723030509e+00
1.732979171723030509e+00
1.732979171723030509e+00
1.732979171723030509e+00
1.732979171723030509e+00
1.732979171723030509e+00
1.732979171723030509e+00
1.732979171723030509e+00
1.732979171723030509e+00
1.732979171723030509e+00
1.732979171723030509e+00
1.732979171723030509e+00
1.732979171723030509e+00
1.732979171723030509e+00
1.732979171723030509e+00
1.732979171723030509e+00
1.732979171723030509e+00
1.732979171723030509e+00
1.732979171723030509e+00
1.732979171723030509e+00
1.732979171723030509e+00
1.732979171723030509e+00
1.732979171723030509e+00
1.732979171723030509e+00
1.732979171723030509e+00
1.732979171723030509e+00
1.732979171723030509e+00
1.732979171723030509e+00
1.732979171723030509e+00
1.732979171723030509e+00
1.732979171723030509e+00
1.732979171723030509e+00
1.732979171723030509e+00
1.732979171723030509e+00
1.732979171723030509e+00
1.732979171723030509e+00
1.732979171723030509e+00
1.732979171723030509e+00
1.732979171723030509e+00
1.732979171723030509e+00
1.732979171723030509e+00
1.732979171723030509e+00
1.732979171723030509e+00
1.732979171723030509e+00
1.732979171723030509e+00
1.732979171723030509e+00
1.732979171723030509e+00
1.732979171723030509e+00
1.732979171723030509e+00
1.732707828492974222e+00
1.732707828492974222e+00
1.732707828492974222e+00
1.732707828492974222e+00
1.732707828492974222e+00
1.732707828492974222e+00
1.732707828492974222e+00
1.732707828492974222e+00
1.732707828492974222e+00
1.732707828492974222e+00
1.732707828492974222e+00
1.732707828492974222e+00
1.732707828492974222e+00
1.732707828492974222e+00
1.732707828492974222e+00
1.732707828492974222e+00
1.732707828492974222e+00
1.732707828492974222e+00
1.732707828492974222e+00
1.732707828492974222e+00
1.732707828492974222e+00
1.732707828492974222e+00
1.732707828492974222e+00
1.732707828492974222e+00
1.732707828492974222e+00
1.732707828492974222e+00
1.732707828492974222e+00
1.732707828492974222e+00
1.732707828492974222e+00
1.732707828492974222e+00
1.732707828492974222e+00
1.732707828492974222e+00
1.732707828492974222e+00
1.732707828492974222e+00
1.732168076953562785e+00
1.732168076953562785e+00
1.732168076953562785e+00
1.732168076953562785e+00
1.732168076953562785e+00
1.732168076953562785e+00
1.732168076953562785e+00
1.732168076953562785e+00
1.732168076953562785e+00
1.732168076953562785e+00
1.732168076953562785e+00
1.732168076953562785e+00
1.732168076953562785e+00
1.732168076953562785e+00
1.732168076953562785e+00
1.732168076953562785e+00
1.732168076953562785e+00
1.732168076953562785e+00
1.732168076953562785e+00
1.732168076953562785e+00
1.732168076953562785e+00
1.732168076953562785e+00
1.732168076953562785e+00
1.732168076953562785e+00
1.732168076953562785e+00
1.732168076953562785e+00
1.732168076953562785e+00
1.732168076953562785e+00
1.732168076953562785e+00
1.732168076953562785e+00
1.732168076953562785e+00
1.732168076953562785e+00
1.732168076953562785e+00
1.732168076953562785e+00
1.732168076953562785e+00
1.732168076953562785e+00
1.732168076953562785e+00
1.732168076953562785e+00
1.732168076953562785e+00
1.732168076953562785e+00
1.732168076953562785e+00
1.732168076953562785e+00
1.732168076953562785e+00
1.732168076953562785e+00
1.732168076953562785e+00
1.732168076953562785e+00
1.732168076953562785e+00
1.732168076953562785e+00
1.732168076953562785e+00
1.732168076953562785e+00
1.732168076953562785e+00
1.732168076953562785e+00
1.732168076953562785e+00
1.732168076953562785e+00
1.732168076953562785e+00
1.732168076953562785e+00
1.732168076953562785e+00
1.732168076953562785e+00
1.732168076953562785e+00
1.732168076953562785e+00
1.732168076953562785e+00
1.732168076953562785e+00
1.732168076953562785e+00
1.732168076953562785e+00
1.732168076953562785e+00
1.732168076953562785e+00
1.732168076953562785e+00
1.732168076953562785e+00
1.732168076953562785e+00
1.732168076953562785e+00
1.732168076953562785e+00
1.732168076953562785e+00
1.732168076953562785e+00
1.732168076953562785e+00
1.732168076953562785e+00
1.732168076953562785e+00
1.732168076953562785e+00
1.732168076953562785e+00
1.732168076953562785e+00
1.732168076953562785e+00
1.732168076953562785e+00
1.732168076953562785e+00
1.732168076953562785e+00
1.732168076953562785e+00
1.732168076953562785e+00
1.732168076953562785e+00
1.732168076953562785e+00
1.732168076953562785e+00
1.732168076953562785e+00
1.732168076953562785e+00
1.732168076953562785e+00
1.732168076953562785e+00
1.732168076953562785e+00
1.732168076953562785e+00
1.732168076953562785e+00
1.732168076953562785e+00
1.732168076953562785e+00
1.732168076953562785e+00
1.732168076953562785e+00
1.732168076953562785e+00
1.732168076953562785e+00
1.732168076953562785e+00
1.732168076953562785e+00
1.732168076953562785e+00
1.732168076953562785e+00
1.732168076953562785e+00
1.732168076953562785e+00
1.732168076953562785e+00
1.732168076953562785e+00
1.732168076953562785e+00
1.732168076953562785e+00
1.732168076953562785e+00
1.732168076953562785e+00
1.732168076953562785e+00
1.732168076953562785e+00
1.732168076953562785e+00
1.732168076953562785e+00
1.732168076953562785e+00
1.732168076953562785e+00
1.732168076953562785e+00
1.732168076953562785e+00
1.732168076953562785e+00
1.732168076953562785e+00
1.732168076953562785e+00
1.732168076953562785e+00
1.732168076953562785e+00
1.732168076953562785e+00
1.732168076953562785e+00
1.732168076953562785e+00
1.732168076953562785e+00
1.732168076953562785e+00
1.732168076953562785e+00
1.732168076953562785e+00
1.732168076953562785e+00
1.732168076953562785e+00
1.732168076953562785e+00
1.732168076953562785e+00
1.732168076953562785e+00
1.732168076953562785e+00
1.732168076953562785e+00
1.732168076953562785e+00
1.732168076953562785e+00
