0.000000000000000000e+00
0.000000000000000000e+00
3.000000000000000000e+00
6.000000000000000000e+00
9.000000000000000000e+00
1.200000000000000000e+01
1.500000000000000000e+01
1.800000000000000000e+01
2.100000000000000000e+01
2.400000000000000000e+01
2.700000000000000000e+01
3.000000000000000000e+01
3.300000000000000000e+01
3.600000000000000000e+01
3.900000000000000000e+01
4.200000000000000000e+01
4.500000000000000000e+01
4.800000000000000000e+01
5.100000000000000000e+01
5.400000000000000000e+01
5.700000000000000000e+01
6.000000000000000000e+01
6.300000000000000000e+01
6.600000000000000000e+01
6.900000000000000000e+01
7.200000000000000000e+01
7.500000000000000000e+01
7.800000000000000000e+01
8.100000000000000000e+01
8.400000000000000000e+01
8.700000000000000000e+01
9.000000000000000000e+01
9.300000000000000000e+01
9.600000000000000000e+01
9.900000000000000000e+01
1.020000000000000000e+02
1.050000000000000000e+02
1.080000000000000000e+02
1.110000000000000000e+02
1.140000000000000000e+02
1.170000000000000000e+02
1.200000000000000000e+02
1.230000000000000000e+02
1.260000000000000000e+02
1.290000000000000000e+02
1.320000000000000000e+02
1.350000000000000000e+02
1.380000000000000000e+02
1.410000000000000000e+02
1.440000000000000000e+02
1.470000000000000000e+02
1.500000000000000000e+02
1.530000000000000000e+02
1.560000000000000000e+02
1.590000000000000000e+02
1.620000000000000000e+02
1.650000000000000000e+02
1.680000000000000000e+02
1.710000000000000000e+02
1.740000000000000000e+02
1.770000000000000000e+02
1.800000000000000000e+02
1.830000000000000000e+02
1.860000000000000000e+02
1.890000000000000000e+02
1.920000000000000000e+02
1.950000000000000000e+02
1.980000000000000000e+02
2.010000000000000000e+02
2.040000000000000000e+02
2.070000000000000000e+02
2.100000000000000000e+02
2.130000000000000000e+02
2.160000000000000000e+02
2.190000000000000000e+02
2.220000000000000000e+02
2.250000000000000000e+02
2.280000000000000000e+02
2.310000000000000000e+02
2.340000000000000000e+02
2.370000000000000000e+02
2.400000000000000000e+02
2.430000000000000000e+02
2.460000000000000000e+02
2.490000000000000000e+02
2.520000000000000000e+02
2.550000000000000000e+02
2.580000000000000000e+02
2.610000000000000000e+02
2.640000000000000000e+02
2.670000000000000000e+02
2.700000000000000000e+02
2.730000000000000000e+02
2.760000000000000000e+02
2.790000000000000000e+02
2.820000000000000000e+02
2.850000000000000000e+02
2.880000000000000000e+02
2.910000000000000000e+02
2.940000000000000000e+02
2.970000000000000000e+02
3.000000000000000000e+02
3.030000000000000000e+02
3.060000000000000000e+02
3.090000000000000000e+02
3.120000000000000000e+02
3.150000000000000000e+02
3.180000000000000000e+02
3.210000000000000000e+02
3.240000000000000000e+02
3.270000000000000000e+02
3.300000000000000000e+02
3.330000000000000000e+02
3.360000000000000000e+02
3.390000000000000000e+02
3.420000000000000000e+02
3.450000000000000000e+02
3.480000000000000000e+02
3.510000000000000000e+02
3.540000000000000000e+02
3.570000000000000000e+02
3.600000000000000000e+02
3.630000000000000000e+02
3.660000000000000000e+02
3.690000000000000000e+02
3.720000000000000000e+02
3.750000000000000000e+02
3.780000000000000000e+02
3.810000000000000000e+02
3.840000000000000000e+02
3.870000000000000000e+02
3.900000000000000000e+02
3.930000000000000000e+02
3.960000000000000000e+02
3.990000000000000000e+02
4.020000000000000000e+02
4.050000000000000000e+02
4.080000000000000000e+02
4.110000000000000000e+02
4.140000000000000000e+02
4.170000000000000000e+02
4.200000000000000000e+02
4.230000000000000000e+02
4.260000000000000000e+02
4.290000000000000000e+02
4.320000000000000000e+02
4.350000000000000000e+02
4.380000000000000000e+02
4.410000000000000000e+02
4.440000000000000000e+02
4.470000000000000000e+02
4.500000000000000000e+02
4.530000000000000000e+02
4.560000000000000000e+02
4.590000000000000000e+02
4.620000000000000000e+02
4.650000000000000000e+02
4.680000000000000000e+02
4.710000000000000000e+02
4.740000000000000000e+02
4.770000000000000000e+02
4.800000000000000000e+02
4.830000000000000000e+02
4.860000000000000000e+02
4.890000000000000000e+02
4.920000000000000000e+02
4.950000000000000000e+02
4.980000000000000000e+02
5.010000000000000000e+02
5.040000000000000000e+02
5.070000000000000000e+02
5.100000000000000000e+02
5.130000000000000000e+02
5.160000000000000000e+02
5.190000000000000000e+02
5.220000000000000000e+02
5.250000000000000000e+02
5.280000000000000000e+02
5.310000000000000000e+02
5.340000000000000000e+02
5.370000000000000000e+02
5.400000000000000000e+02
5.430000000000000000e+02
5.460000000000000000e+02
5.490000000000000000e+02
5.520000000000000000e+02
5.550000000000000000e+02
5.580000000000000000e+02
5.610000000000000000e+02
5.640000000000000000e+02
5.670000000000000000e+02
5.700000000000000000e+02
5.730000000000000000e+02
5.760000000000000000e+02
5.790000000000000000e+02
5.820000000000000000e+02
5.850000000000000000e+02
5.880000000000000000e+02
5.910000000000000000e+02
5.940000000000000000e+02
5.970000000000000000e+02
6.000000000000000000e+02
6.030000000000000000e+02
6.060000000000000000e+02
6.090000000000000000e+02
6.120000000000000000e+02
6.150000000000000000e+02
6.180000000000000000e+02
6.210000000000000000e+02
6.240000000000000000e+02
6.270000000000000000e+02
6.300000000000000000e+02
6.330000000000000000e+02
6.360000000000000000e+02
6.390000000000000000e+02
6.420000000000000000e+02
6.450000000000000000e+02
6.480000000000000000e+02
6.510000000000000000e+02
6.540000000000000000e+02
6.570000000000000000e+02
6.600000000000000000e+02
6.630000000000000000e+02
6.660000000000000000e+02
6.690000000000000000e+02
6.720000000000000000e+02
6.750000000000000000e+02
6.780000000000000000e+02
6.810000000000000000e+02
6.840000000000000000e+02
6.870000000000000000e+02
6.900000000000000000e+02
6.930000000000000000e+02
6.960000000000000000e+02
6.990000000000000000e+02
7.020000000000000000e+02
7.050000000000000000e+02
7.080000000000000000e+02
7.110000000000000000e+02
7.140000000000000000e+02
7.170000000000000000e+02
7.200000000000000000e+02
7.230000000000000000e+02
7.260000000000000000e+02
7.290000000000000000e+02
7.320000000000000000e+02
7.350000000000000000e+02
7.380000000000000000e+02
7.410000000000000000e+02
7.440000000000000000e+02
7.470000000000000000e+02
7.500000000000000000e+02
7.530000000000000000e+02
7.560000000000000000e+02
7.590000000000000000e+02
7.620000000000000000e+02
7.650000000000000000e+02
7.680000000000000000e+02
7.710000000000000000e+02
7.740000000000000000e+02
7.770000000000000000e+02
7.800000000000000000e+02
7.830000000000000000e+02
7.860000000000000000e+02
7.890000000000000000e+02
7.920000000000000000e+02
7.950000000000000000e+02
7.980000000000000000e+02
8.010000000000000000e+02
8.040000000000000000e+02
8.070000000000000000e+02
8.100000000000000000e+02
8.130000000000000000e+02
8.160000000000000000e+02
8.190000000000000000e+02
8.220000000000000000e+02
8.250000000000000000e+02
8.280000000000000000e+02
8.310000000000000000e+02
8.340000000000000000e+02
8.370000000000000000e+02
8.400000000000000000e+02
8.430000000000000000e+02
8.460000000000000000e+02
8.490000000000000000e+02
8.520000000000000000e+02
8.550000000000000000e+02
8.580000000000000000e+02
8.610000000000000000e+02
8.640000000000000000e+02
8.670000000000000000e+02
8.700000000000000000e+02
8.730000000000000000e+02
8.760000000000000000e+02
8.790000000000000000e+02
8.820000000000000000e+02
8.850000000000000000e+02
8.880000000000000000e+02
8.910000000000000000e+02
8.940000000000000000e+02
8.970000000000000000e+02
9.000000000000000000e+02
9.030000000000000000e+02
9.060000000000000000e+02
9.090000000000000000e+02
9.120000000000000000e+02
9.150000000000000000e+02
9.180000000000000000e+02
9.210000000000000000e+02
9.240000000000000000e+02
9.270000000000000000e+02
9.300000000000000000e+02
9.330000000000000000e+02
9.360000000000000000e+02
9.390000000000000000e+02
9.420000000000000000e+02
9.450000000000000000e+02
9.480000000000000000e+02
9.510000000000000000e+02
9.540000000000000000e+02
9.570000000000000000e+02
9.600000000000000000e+02
9.630000000000000000e+02
9.660000000000000000e+02
9.690000000000000000e+02
9.720000000000000000e+02
9.750000000000000000e+02
9.780000000000000000e+02
9.810000000000000000e+02
9.840000000000000000e+02
9.870000000000000000e+02
9.900000000000000000e+02
9.930000000000000000e+02
9.960000000000000000e+02
9.990000000000000000e+02
