1.641169462131334811e+01
1.497480345942950741e+01
1.467117607274540703e+01
1.456815760957510264e+01
1.452611486480458325e+01
1.449868064193716677e+01
1.447964518799722633e+01
1.446777017247764263e+01
1.446107710900090204e+01
1.445756040329959902e+01
1.445578442023004406e+01
1.445490119134422002e+01
1.445445981950145509e+01
1.445423339104571347e+01
1.445411081748309812e+01
1.445403842820418916e+01
1.445399044719768433e+01
1.445395452283482918e+01
1.445392473705166303e+01
1.445389825009987206e+01
1.445387369462690863e+01
1.445385040770192830e+01
1.445382806354111871e+01
1.445380649778723026e+01
1.445378562339714712e+01
1.445376539036986685e+01
1.445374576646989695e+01
1.445372672801104486e+01
1.445370825546184257e+01
1.445369033136080006e+01
1.445367293933667519e+01
1.445365606365573186e+01
1.445363968901896712e+01
1.445362380047655648e+01
1.445360838339630938e+01
1.445359342345603970e+01
1.445357890664576317e+01
1.445356481927312764e+01
1.445355114796924845e+01
1.445353787969364490e+01
1.445352500173782673e+01
1.445351250172751278e+01
1.445350036762340196e+01
1.445348858772081257e+01
1.445347715064808369e+01
1.445346604536411661e+01
1.445345526115495183e+01
1.445344478762969764e+01
1.445343461471573221e+01
1.445342473265347039e+01
1.445341513199054440e+01
1.445340580357572158e+01
1.445339673855240648e+01
1.445338792835199193e+01
1.445337936468689755e+01
1.445337103954355840e+01
1.445336294517526454e+01
1.445335507409492237e+01
1.445334741906783371e+01
1.445333997310442875e+01
1.445333272945304515e+01
1.445332568159276931e+01
1.445331882322631500e+01
1.445331214827304578e+01
1.445330565086204899e+01
1.445329932532535011e+01
1.445329316619126558e+01
1.445328716817786407e+01
1.445328132618661421e+01
1.445327563529612824e+01
1.445327009075612601e+01
1.445326468798150188e+01
1.445325942254656049e+01
1.445325429017946739e+01
1.445324928675677434e+01
1.445324440829819324e+01
1.445323965096147312e+01
1.445323501103744945e+01
1.445323048494529061e+01
1.445322606922783315e+01
1.445322176054711960e+01
1.445321755568008371e+01
1.445321345151436532e+01
1.445320944504427274e+01
1.445320553336690139e+01
1.445320171367836082e+01
1.445319798327018113e+01
1.445319433952581178e+01
1.445319077991722345e+01
1.445318730200173718e+01
1.445318390341883408e+01
1.445318058188718702e+01
1.445317733520174031e+01
1.445317416123095455e+01
1.445317105791408530e+01
1.445316802325861794e+01
1.445316505533779328e+01
1.445316215228818635e+01
1.445315931230743800e+01
1.445315653365202024e+01
1.445315381463509752e+01
1.445315115362449632e+01
1.445314854904073520e+01
1.445314599935512057e+01
1.445314350308791518e+01
1.445314105880659028e+01
1.445313866512414158e+01
1.445313632069747989e+01
1.445313402422584304e+01
1.445313177444929664e+01
1.445312957014731836e+01
1.445312741013737678e+01
1.445312529327361872e+01
1.445312321844556536e+01
1.445312118457688300e+01
1.445311919062419648e+01
1.445311723557593986e+01
1.445311531845125508e+01
1.445311343829893858e+01
1.445311159419640390e+01
1.445310978524872603e+01
1.445310801058767147e+01
1.445310626937079590e+01
1.445310456078059147e+01
1.445310288402360754e+01
1.445310123832965132e+01
1.445309962295103290e+01
1.445309803716177655e+01
1.445309648025691196e+01
1.445309495155178148e+01
1.445309345038135262e+01
1.445309197609958751e+01
1.445309052807880690e+01
1.445308910570909688e+01
1.445308770839772450e+01
1.445308633556857991e+01
1.445308498666162933e+01
1.445308366113242826e+01
1.445308235845157796e+01
1.445308107810427245e+01
1.445307981958982957e+01
1.445307858242122556e+01
1.445307736612469363e+01
1.445307617023927094e+01
1.445307499431642562e+01
1.445307383791964639e+01
1.445307270062409444e+01
1.445307158201619835e+01
1.445307048169336284e+01
1.445306939926357437e+01
1.445306833434511873e+01
1.445306728656624529e+01
1.445306625556486857e+01
1.445306524098827161e+01
1.445306424249284127e+01
1.445306325974376627e+01
1.445306229241479201e+01
1.445306134018796484e+01
1.445306040275337800e+01
1.445305947980894068e+01
1.445305857106013825e+01
1.445305767621982262e+01
1.445305679500798490e+01
1.445305592715156706e+01
1.445305507238421860e+01
1.445305423044615445e+01
1.445305340108392933e+01
1.445305258405027260e+01
1.445305177910390526e+01
1.445305098600937299e+01
1.445305020453688094e+01
1.445304943446213208e+01
1.445304867556617268e+01
1.445304792763524482e+01
1.445304719046062836e+01
1.445304646383854674e+01
1.445304574756995208e+01
1.445304504146047542e+01
1.445304434532023308e+01
1.445304365896375742e+01
1.445304298220983164e+01
1.445304231488142044e+01
1.445304165680549957e+01
1.445304100781299717e+01
1.445304036773867651e+01
1.445303973642100814e+01
1.445303911370210592e+01
1.445303849942760621e+01
1.445303789344658973e+01
1.445303729561148032e+01
1.445303670577796318e+01
1.445303612380489966e+01
1.445303554955423309e+01
1.445303498289093724e+01
1.445303442368289559e+01
1.445303387180088173e+01
1.445303332711842437e+01
1.445303278951178783e+01
1.445303225885987253e+01
1.445303173504415639e+01
1.445303121794863443e+01
1.445303070745974772e+01
1.445303020346633893e+01
1.445302970585956359e+01
1.445302921453285805e+01
1.445302872938187377e+01
1.445302825030441518e+01
1.445302777720040410e+01
1.445302730997181584e+01
1.445302684852262942e+01
1.445302639275877610e+01
1.445302594258810913e+01
1.445302549792033098e+01
1.445302505866698084e+01
1.445302462474135297e+01
1.445302419605849309e+01
1.445302377253511672e+01
1.445302335408961802e+01
1.445302294064198101e+01
1.445302253211377952e+01
1.445302212842811684e+01
1.445302172950959729e+01
1.445302133528429955e+01
1.445302094567973761e+01
1.445302056062480567e+01
1.445302018004979061e+01
1.445301980388629737e+01
1.445301943206724538e+01
1.445301906452683305e+01
1.445301870120049692e+01
1.445301834202490276e+01
1.445301798693789408e+01
1.445301763587849386e+01
1.445301728878685665e+01
1.445301694560425254e+01
1.445301660627302809e+01
1.445301627073662409e+01
1.445301593893948322e+01
1.445301561082710862e+01
1.445301528634595556e+01
1.445301496544349718e+01
1.445301464806811254e+01
1.445301433416916659e+01
1.445301402369688404e+01
1.445301371660242218e+01
1.445301341283778562e+01
1.445301311235584940e+01
1.445301281511031988e+01
1.445301252105571876e+01
1.445301223014737424e+01
1.445301194234139963e+01
1.445301165759467033e+01
1.445301137586481488e+01
1.445301109711020793e+01
1.445301082128992931e+01
1.445301054836378185e+01
1.445301027829223983e+01
1.445301001103646854e+01
1.445300974655830117e+01
1.445300948482020331e+01
1.445300922578529423e+01
1.445300896941730606e+01
1.445300871568058554e+01
1.445300846454008159e+01
1.445300821596130980e+01
1.445300796991038617e+01
1.445300772635398268e+01
1.445300748525931134e+01
1.445300724659414016e+01
1.445300701032676116e+01
1.445300677642597975e+01
1.445300654486112713e+01
1.445300631560201232e+01
1.445300608861895242e+01
1.445300586388273523e+01
1.445300564136462285e+01
1.445300542103634456e+01
1.445300520287006663e+01
1.445300498683841539e+01
1.445300477291444885e+01
1.445300456107164422e+01
1.445300435128390504e+01
1.445300414352554341e+01
1.445300393777129244e+01
1.445300373399624050e+01
1.445300353217590406e+01
1.445300333228616019e+01
1.445300313430326433e+01
1.445300293820384674e+01
1.445300274396487517e+01
1.445300255156370106e+01
1.445300236097799917e+01
1.445300217218579597e+01
1.445300198516544654e+01
1.445300179989563993e+01
1.445300161635539027e+01
1.445300143452400654e+01
1.445300125438113881e+01
1.445300107590671246e+01
1.445300089908098329e+01
1.445300072388446999e+01
1.445300055029800212e+01
1.445300037830268458e+01
1.445300020787989759e+01
1.445300003901129671e+01
1.445299987167881994e+01
1.445299970586464511e+01
1.445299954155122890e+01
1.445299937872127494e+01
1.445299921735773019e+01
1.445299905744380453e+01
1.445299889896293699e+01
1.445299874189880818e+01
1.445299858623532607e+01
1.445299843195663847e+01
1.445299827904710455e+01
1.445299812749133217e+01
1.445299797727410152e+01
1.445299782838045743e+01
1.445299768079561709e+01
1.445299753450502678e+01
1.445299738949431578e+01
1.445299724574934075e+01
1.445299710325612530e+01
1.445299696200090800e+01
1.445299682197010682e+01
1.445299668315032982e+01
1.445299654552837332e+01
1.445299640909119532e+01
1.445299627382595986e+01
1.445299613971998198e+01
1.445299600676076324e+01
1.445299587493596860e+01
1.445299574423342293e+01
1.445299561464112870e+01
1.445299548614723939e+01
1.445299535874006835e+01
1.445299523240808348e+01
1.445299510713991253e+01
1.445299498292432894e+01
1.445299485975025178e+01
1.445299473760675113e+01
1.445299461648303563e+01
1.445299449636846312e+01
1.445299437725252467e+01
1.445299425912484459e+01
1.445299414197518750e+01
1.445299402579346548e+01
1.445299391056968652e+01
1.445299379629401493e+01
1.445299368295673048e+01
1.445299357054824085e+01
1.445299345905907096e+01
1.445299334847988071e+01
1.445299323880142950e+01
1.445299313001460639e+01
1.445299302211041237e+01
1.445299291507996742e+01
1.445299280891448390e+01
1.445299270360531452e+01
1.445299259914389367e+01
1.445299249552177301e+01
1.445299239273061076e+01
1.445299229076216818e+01
1.445299218960830423e+01
1.445299208926098089e+01
1.445299198971226140e+01
1.445299189095430137e+01
1.445299179297935588e+01
1.445299169577977949e+01
1.445299159934801025e+01
1.445299150367657859e+01
1.445299140875811617e+01
1.445299131458532926e+01
1.445299122115102008e+01
1.445299112844808498e+01
1.445299103646948424e+01
1.445299094520828298e+01
1.445299085465761735e+01
1.445299076481071410e+01
1.445299067566087103e+01
1.445299058720147123e+01
1.445299049942597236e+01
1.445299041232790493e+01
1.445299032590089183e+01
1.445299024013861100e+01
1.445299015503483453e+01
1.445299007058338248e+01
1.445298998677816904e+01
1.445298990361316704e+01
1.445298982108241503e+01
1.445298973918003682e+01
1.445298965790021484e+01
1.445298957723718836e+01
1.445298949718528014e+01
1.445298941773886447e+01
1.445298933889239024e+01
1.445298926064036138e+01
1.445298918297733515e+01
1.445298910589796471e+01
1.445298902939692454e+01
1.445298895346897261e+01
1.445298887810891131e+01
1.445298880331161584e+01
1.445298872907200582e+01
1.445298865538506661e+01
1.445298858224583327e+01
1.445298850964939597e+01
1.445298843759090879e+01
1.445298836606556492e+01
1.445298829506861971e+01
1.445298822459538179e+01
1.445298815464120246e+01
1.445298808520149159e+01
1.445298801627170349e+01
1.445298794784735463e+01
1.445298787992399170e+01
1.445298781249721998e+01
1.445298774556269805e+01
1.445298767911610938e+01
1.445298761315321556e+01
1.445298754766979421e+01
1.445298748266168687e+01
1.445298741812476884e+01
1.445298735405496870e+01
1.445298729044824881e+01
1.445298722730062302e+01
1.445298716460814248e+01
1.445298710236690276e+01
1.445298704057302963e+01
1.445298697922270570e+01
1.445298691831214377e+01
1.445298685783759574e+01
1.445298679779537210e+01
1.445298673818178870e+01
1.445298667899321821e+01
1.445298662022607417e+01
1.445298656187680031e+01
1.445298650394187412e+01
1.445298644641782282e+01
1.445298638930120205e+01
1.445298633258859056e+01
1.445298627627661681e+01
1.445298622036193770e+01
1.445298616484125453e+01
1.445298610971128817e+01
1.445298605496879496e+01
1.445298600061057570e+01
1.445298594663344716e+01
1.445298589303427050e+01
1.445298583980993712e+01
1.445298578695735969e+01
1.445298573447349000e+01
1.445298568235531533e+01
1.445298563059983898e+01
1.445298557920410332e+01
1.445298552816518267e+01
1.445298547748017448e+01
1.445298542714619927e+01
1.445298537716042198e+01
1.445298532752002529e+01
1.445298527822221857e+01
1.445298522926423779e+01
1.445298518064335447e+01
1.445298513235686144e+01
1.445298508440206930e+01
1.445298503677633306e+01
1.445298498947701837e+01
1.445298494250152110e+01
1.445298489584726553e+01
1.445298484951169549e+01
1.445298480349227965e+01
1.445298475778651692e+01
1.445298471239192040e+01
1.445298466730604048e+01
1.445298462252644178e+01
1.445298457805070846e+01
1.445298453387645488e+01
1.445298449000131669e+01
1.445298444642294911e+01
1.445298440313903399e+01
1.445298436014727272e+01
1.445298431744538092e+01
1.445298427503111149e+01
1.445298423290222267e+01
1.445298419105650467e+01
1.445298414949176546e+01
1.445298410820582369e+01
1.445298406719653883e+01
1.445298402646177216e+01
1.445298398599940448e+01
1.445298394580734858e+01
1.445298390588353321e+01
1.445298386622589604e+01
1.445298382683240668e+01
1.445298378770104364e+01
1.445298374882980852e+01
1.445298371021672068e+01
1.445298367185981725e+01
1.445298363375715311e+01
1.445298359590680093e+01
1.445298355830685111e+01
1.445298352095540650e+01
1.445298348385059306e+01
1.445298344699056337e+01
1.445298341037346113e+01
1.445298337399746380e+01
1.445298333786077016e+01
1.445298330196157544e+01
1.445298326629810504e+01
1.445298323086860748e+01
1.445298319567133127e+01
1.445298316070454092e+01
1.445298312596652757e+01
1.445298309145559301e+01
1.445298305717004794e+01
1.445298302310822436e+01
1.445298298926847025e+01
1.445298295564913893e+01
1.445298292224860681e+01
1.445298288906526807e+01
1.445298285609751332e+01
1.445298282334376516e+01
1.445298279080245152e+01
1.445298275847202163e+01
1.445298272635092296e+01
1.445298269443763317e+01
1.445298266273062993e+01
1.445298263122841220e+01
1.445298259992949674e+01
1.445298256883239674e+01
1.445298253793564669e+01
1.445298250723779354e+01
1.445298247673740200e+01
1.445298244643304386e+01
1.445298241632330161e+01
1.445298238640677546e+01
1.445298235668206388e+01
1.445298232714779374e+01
1.445298229780260080e+01
1.445298226864511548e+01
1.445298223967400197e+01
1.445298221088792801e+01
1.445298218228556664e+01
1.445298215386560337e+01
1.445298212562674145e+01
1.445298209756769481e+01
1.445298206968717203e+01
1.445298204198391545e+01
1.445298201445666386e+01
1.445298198710416848e+01
1.445298195992519652e+01
1.445298193291851518e+01
1.445298190608290589e+01
1.445298187941717671e+01
1.445298185292011262e+01
1.445298182659053410e+01
1.445298180042726344e+01
1.445298177442913712e+01
1.445298174859498985e+01
1.445298172292367944e+01
1.445298169741406369e+01
1.445298167206500750e+01
1.445298164687539533e+01
1.445298162184412227e+01
1.445298159697006923e+01
1.445298157225215618e+01
1.445298154768929244e+01
1.445298152328040509e+01
1.445298149902442120e+01
1.445298147492028740e+01
1.445298145096695031e+01
1.445298142716336187e+01
1.445298140350849891e+01
1.445298138000132937e+01
1.445298135664084072e+01
1.445298133342601865e+01
1.445298131035586842e+01
1.445298128742939170e+01
1.445298126464559729e+01
1.445298124200351708e+01
1.445298121950217762e+01
1.445298119714062324e+01
1.445298117491789114e+01
1.445298115283303098e+01
1.445298113088511904e+01
1.445298110907320144e+01
1.445298108739636689e+01
1.445298106585369879e+01
1.445298104444427523e+01
1.445298102316720268e+01
1.445298100202158587e+01
1.445298098100652773e+01
1.445298096012114897e+01
1.445298093936457384e+01
1.445298091873593904e+01
1.445298089823437060e+01
1.445298087785901942e+01
1.445298085760903817e+01
1.445298083748358131e+01
1.445298081748181218e+01
1.445298079760289944e+01
1.445298077784602953e+01
1.445298075821037287e+01
1.445298073869512656e+01
1.445298071929948591e+01
1.445298070002265334e+01
1.445298068086382770e+01
1.445298066182222740e+01
1.445298064289707973e+01
1.445298062408760131e+01
1.445298060539302831e+01
1.445298058681259157e+01
1.445298056834554323e+01
1.445298054999112303e+01
1.445298053174858843e+01
1.445298051361720582e+01
1.445298049559623088e+01
1.445298047768493888e+01
1.445298045988260860e+01
1.445298044218851530e+01
1.445298042460195020e+01
1.445298040712221166e+01
1.445298038974858734e+01
1.445298037248038980e+01
1.445298035531691916e+01
1.445298033825749329e+01
1.445298032130142651e+01
1.445298030444804560e+01
1.445298028769667553e+01
1.445298027104666083e+01
1.445298025449732293e+01
1.445298023804801701e+01
1.445298022169809116e+01
1.445298020544688988e+01
1.445298018929377726e+01
1.445298017323811735e+01
1.445298015727926710e+01
1.445298014141660836e+01
1.445298012564951051e+01
1.445298010997736426e+01
1.445298009439954257e+01
1.445298007891544501e+01
1.445298006352445341e+01
1.445298004822597626e+01
1.445298003301941847e+01
1.445298001790417430e+01
1.445298000287967355e+01
1.445297998794531580e+01
1.445297997310052374e+01
1.445297995834473248e+01
1.445297994367735939e+01
1.445297992909784135e+01
1.445297991460560993e+01
1.445297990020011092e+01
1.445297988588078830e+01
1.445297987164708431e+01
1.445297985749845893e+01
1.445297984343437037e+01
1.445297982945426796e+01
1.445297981555762235e+01
1.445297980174390062e+01
1.445297978801257699e+01
1.445297977436312209e+01
1.445297976079501723e+01
1.445297974730774015e+01
1.445297973390078994e+01
1.445297972057363900e+01
1.445297970732579707e+01
1.445297969415675610e+01
1.445297968106601161e+01
1.445297966805307510e+01
1.445297965511744742e+01
1.445297964225864007e+01
1.445297962947617698e+01
1.445297961676956611e+01
1.445297960413832783e+01
1.445297959158200030e+01
1.445297957910009856e+01
1.445297956669215189e+01
1.445297955435771087e+01
1.445297954209629410e+01
1.445297952990745571e+01
1.445297951779073564e+01
1.445297950574568269e+01
1.445297949377184388e+01
1.445297948186877335e+01
1.445297947003603234e+01
1.445297945827317321e+01
1.445297944657976785e+01
1.445297943495537396e+01
1.445297942339956343e+01
1.445297941191191171e+01
1.445297940049198182e+01
1.445297938913936342e+01
1.445297937785363196e+01
1.445297936663437177e+01
1.445297935548116719e+01
1.445297934439360965e+01
1.445297933337129415e+01
1.445297932241380146e+01
1.445297931152074611e+01
1.445297930069172132e+01
1.445297928992632741e+01
1.445297927922417003e+01
1.445297926858486015e+01
1.445297925800800698e+01
1.445297924749322860e+01
1.445297923704013598e+01
1.445297922664834545e+01
1.445297921631748395e+01
1.445297920604717135e+01
1.445297919583703639e+01
1.445297918568670781e+01
1.445297917559581968e+01
1.445297916556399898e+01
1.445297915559088331e+01
1.445297914567611919e+01
1.445297913581934068e+01
1.445297912602019075e+01
1.445297911627831766e+01
1.445297910659336971e+01
1.445297909696500227e+01
1.445297908739285830e+01
1.445297907787659852e+01
1.445297906841588187e+01
1.445297905901037083e+01
1.445297904965972080e+01
1.445297904036359782e+01
1.445297903112166793e+01
1.445297902193360251e+01
1.445297901279907293e+01
1.445297900371775235e+01
1.445297899468931391e+01
1.445297898571343609e+01
1.445297897678980092e+01
1.445297896791808689e+01
1.445297895909797425e+01
1.445297895032916102e+01
1.445297894161132035e+01
1.445297893294415204e+01
1.445297892432734699e+01
1.445297891576060323e+01
1.445297890724360279e+01
1.445297889877605257e+01
1.445297889035765948e+01
1.445297888198811442e+01
1.445297887366712786e+01
1.445297886539440313e+01
1.445297885716964892e+01
1.445297884899257745e+01
1.445297884086289208e+01
1.445297883278031570e+01
1.445297882474455875e+01
1.445297881675533880e+01
1.445297880881237695e+01
1.445297880091539078e+01
1.445297879306410849e+01
1.445297878525824764e+01
1.445297877749754356e+01
1.445297876978171381e+01
1.445297876211049193e+01
1.445297875448361680e+01
1.445297874690081130e+01
1.445297873936181610e+01
1.445297873186636828e+01
1.445297872441420139e+01
1.445297871700505965e+01
1.445297870963868370e+01
1.445297870231481596e+01
1.445297869503320420e+01
1.445297868779359796e+01
1.445297868059573787e+01
1.445297867343937703e+01
1.445297866632426675e+01
1.445297865925016367e+01
1.445297865221681732e+01
1.445297864522398079e+01
1.445297863827142493e+01
1.445297863135889926e+01
1.445297862448616932e+01
1.445297861765299530e+01
1.445297861085913738e+01
1.445297860410436641e+01
1.445297859738844792e+01
1.445297859071115276e+01
1.445297858407224467e+01
1.445297857747149983e+01
1.445297857090869087e+01
1.445297856438358863e+01
1.445297855789597463e+01
1.445297855144561971e+01
1.445297854503230361e+01
1.445297853865581139e+01
1.445297853231591745e+01
1.445297852601241040e+01
1.445297851974507175e+01
1.445297851351369189e+01
1.445297850731804523e+01
1.445297850115792926e+01
1.445297849503313081e+01
1.445297848894344384e+01
1.445297848288865339e+01
1.445297847686855874e+01
1.445297847088295562e+01
1.445297846493163618e+01
1.445297845901439970e+01
1.445297845313104190e+01
1.445297844728136738e+01
1.445297844146517008e+01
1.445297843568226170e+01
1.445297842993243798e+01
1.445297842421551060e+01
1.445297841853127707e+01
1.445297841287954377e+01
1.445297840726013305e+01
1.445297840167284242e+01
1.445297839611748536e+01
1.445297839059387535e+01
1.445297838510182586e+01
1.445297837964114507e+01
1.445297837421166065e+01
1.445297836881317011e+01
1.445297836344551001e+01
1.445297835810849563e+01
1.445297835280193510e+01
1.445297834752565791e+01
1.445297834227948641e+01
1.445297833706324475e+01
1.445297833187675707e+01
1.445297832671984573e+01
1.445297832159234019e+01
1.445297831649406639e+01
1.445297831142485201e+01
1.445297830638452830e+01
1.445297830137292827e+01
1.445297829638988141e+01
1.445297829143521717e+01
1.445297828650877392e+01
1.445297828161039000e+01
1.445297827673988778e+01
1.445297827189712159e+01
1.445297826708191735e+01
1.445297826229411697e+01
1.445297825753356058e+01
1.445297825280008830e+01
1.445297824809354559e+01
1.445297824341377613e+01
1.445297823876061472e+01
1.445297823413391747e+01
1.445297822953352096e+01
1.445297822495927242e+01
1.445297822041102442e+01
1.445297821588862597e+01
1.445297821139191896e+01
1.445297820692076307e+01
1.445297820247500376e+01
1.445297819805449357e+01
1.445297819365908687e+01
1.445297818928863975e+01
1.445297818494299946e+01
1.445297818062202921e+01
1.445297817632558335e+01
1.445297817205351798e+01
1.445297816780569455e+01
1.445297816358197274e+01
1.445297815938220509e+01
1.445297815520625662e+01
1.445297815105399586e+01
1.445297814692527716e+01
1.445297814281996551e+01
1.445297813873792947e+01
1.445297813467902515e+01
1.445297813064312997e+01
1.445297812663010362e+01
1.445297812263981285e+01
1.445297811867212268e+01
1.445297811472691585e+01
1.445297811080404848e+01
1.445297810690339801e+01
1.445297810302483121e+01
1.445297809916823262e+01
1.445297809533345479e+01
1.445297809152038759e+01
1.445297808772890491e+01
1.445297808395887174e+01
1.445297808021017438e+01
1.445297807648267963e+01
1.445297807277627733e+01
1.445297806909083604e+01
1.445297806542623498e+01
1.445297806178235689e+01
1.445297805815908632e+01
1.445297805455629359e+01
1.445297805097387034e+01
1.445297804741169756e+01
1.445297804386965446e+01
1.445297804034762734e+01
1.445297803684550253e+01
1.445297803336316633e+01
1.445297802990049263e+01
1.445297802645738550e+01
1.445297802303372059e+01
1.445297801962938955e+01
1.445297801624428224e+01
1.445297801287828499e+01
1.445297800953129475e+01
1.445297800620319428e+01
1.445297800289387880e+01
1.445297799960323637e+01
1.445297799633116398e+01
1.445297799307755504e+01
1.445297798984230475e+01
1.445297798662529942e+01
1.445297798342644846e+01
1.445297798024562752e+01
1.445297797708275311e+01
1.445297797393770978e+01
1.445297797081039803e+01
1.445297796770072019e+01
1.445297796460857143e+01
1.445297796153385050e+01
1.445297795847645794e+01
1.445297795543629782e+01
1.445297795241326533e+01
1.445297794940727165e+01
1.445297794641821199e+01
1.445297794344598330e+01
1.445297794049050033e+01
1.445297793755166538e+01
1.445297793462938252e+01
1.445297793172355405e+01
1.445297792883408405e+01
1.445297792596088371e+01
1.445297792310385532e+01
1.445297792026291894e+01
1.445297791743796267e+01
1.445297791462891190e+01
1.445297791183566538e+01
1.445297790905813429e+01
1.445297790629624046e+01
1.445297790354987733e+01
1.445297790081896139e+01
1.445297789810341627e+01
1.445297789540313715e+01
1.445297789271804945e+01
1.445297789004805544e+01
1.445297788739307876e+01
1.445297788475302880e+01
1.445297788212782564e+01
1.445297787951737689e+01
1.445297787692160263e+01
1.445297787434041936e+01
1.445297787177374182e+01
1.445297786922149008e+01
1.445297786668357709e+01
1.445297786415992292e+01
1.445297786165044940e+01
1.445297785915507838e+01
1.445297785667371926e+01
1.445297785420629921e+01
1.445297785175274008e+01
1.445297784931295659e+01
1.445297784688687948e+01
1.445297784447442169e+01
1.445297784207550684e+01
1.445297783969006744e+01
1.445297783731801111e+01
1.445297783495927391e+01
1.445297783261378299e+01
1.445297783028144778e+01
1.445297782796220787e+01
1.445297782565597799e+01
1.445297782336269599e+01
1.445297782108227480e+01
1.445297781881465049e+01
1.445297781655975022e+01
1.445297781431749407e+01
1.445297781208781807e+01
1.445297780987064939e+01
1.445297780766591522e+01
1.445297780547354272e+01
1.445297780329346971e+01
1.445297780112561981e+01
1.445297779896992729e+01
1.445297779682631223e+01
1.445297779469472133e+01
1.445297779257507820e+01
1.445297779046731357e+01
1.445297778837136882e+01
1.445297778628716578e+01
1.445297778421464585e+01
1.445297778215373796e+01
1.445297778010437817e+01
1.445297777806650608e+01
1.445297777604004352e+01
1.445297777402494432e+01
1.445297777202112677e+01
1.445297777002853401e+01
1.445297776804710388e+01
1.445297776607676887e+01
1.445297776411747215e+01
