0.000000000000000000e+00
0.000000000000000000e+00
7.000000000000000000e+00
1.400000000000000000e+01
2.100000000000000000e+01
2.800000000000000000e+01
3.500000000000000000e+01
4.200000000000000000e+01
4.900000000000000000e+01
5.600000000000000000e+01
6.300000000000000000e+01
7.000000000000000000e+01
7.700000000000000000e+01
8.400000000000000000e+01
9.100000000000000000e+01
9.800000000000000000e+01
1.050000000000000000e+02
1.120000000000000000e+02
1.190000000000000000e+02
1.260000000000000000e+02
1.330000000000000000e+02
1.400000000000000000e+02
1.470000000000000000e+02
1.540000000000000000e+02
1.610000000000000000e+02
1.680000000000000000e+02
1.750000000000000000e+02
1.820000000000000000e+02
1.890000000000000000e+02
1.960000000000000000e+02
2.030000000000000000e+02
2.100000000000000000e+02
2.170000000000000000e+02
2.240000000000000000e+02
2.310000000000000000e+02
2.380000000000000000e+02
2.450000000000000000e+02
2.520000000000000000e+02
2.590000000000000000e+02
2.660000000000000000e+02
2.730000000000000000e+02
2.800000000000000000e+02
2.870000000000000000e+02
2.940000000000000000e+02
3.010000000000000000e+02
3.080000000000000000e+02
3.150000000000000000e+02
3.220000000000000000e+02
3.290000000000000000e+02
3.360000000000000000e+02
3.430000000000000000e+02
3.500000000000000000e+02
3.570000000000000000e+02
3.640000000000000000e+02
3.710000000000000000e+02
3.780000000000000000e+02
3.850000000000000000e+02
3.920000000000000000e+02
3.990000000000000000e+02
4.060000000000000000e+02
4.130000000000000000e+02
4.200000000000000000e+02
4.270000000000000000e+02
4.340000000000000000e+02
4.410000000000000000e+02
4.480000000000000000e+02
4.550000000000000000e+02
4.620000000000000000e+02
4.690000000000000000e+02
4.760000000000000000e+02
4.830000000000000000e+02
4.900000000000000000e+02
4.970000000000000000e+02
5.040000000000000000e+02
5.110000000000000000e+02
5.180000000000000000e+02
5.250000000000000000e+02
5.320000000000000000e+02
5.390000000000000000e+02
5.460000000000000000e+02
5.530000000000000000e+02
5.600000000000000000e+02
5.670000000000000000e+02
5.740000000000000000e+02
5.810000000000000000e+02
5.880000000000000000e+02
5.950000000000000000e+02
6.020000000000000000e+02
6.090000000000000000e+02
6.160000000000000000e+02
6.230000000000000000e+02
6.300000000000000000e+02
6.370000000000000000e+02
6.440000000000000000e+02
6.510000000000000000e+02
6.580000000000000000e+02
6.650000000000000000e+02
6.720000000000000000e+02
6.790000000000000000e+02
6.860000000000000000e+02
6.930000000000000000e+02
7.000000000000000000e+02
7.070000000000000000e+02
7.140000000000000000e+02
7.210000000000000000e+02
7.280000000000000000e+02
7.350000000000000000e+02
7.420000000000000000e+02
7.490000000000000000e+02
7.560000000000000000e+02
7.630000000000000000e+02
7.700000000000000000e+02
7.770000000000000000e+02
7.840000000000000000e+02
7.910000000000000000e+02
7.980000000000000000e+02
8.050000000000000000e+02
8.120000000000000000e+02
8.190000000000000000e+02
8.260000000000000000e+02
8.330000000000000000e+02
8.400000000000000000e+02
8.470000000000000000e+02
8.540000000000000000e+02
8.610000000000000000e+02
8.680000000000000000e+02
8.750000000000000000e+02
8.820000000000000000e+02
8.890000000000000000e+02
8.960000000000000000e+02
9.030000000000000000e+02
9.100000000000000000e+02
9.170000000000000000e+02
9.240000000000000000e+02
9.310000000000000000e+02
9.380000000000000000e+02
9.450000000000000000e+02
9.520000000000000000e+02
9.590000000000000000e+02
9.660000000000000000e+02
9.730000000000000000e+02
9.800000000000000000e+02
9.870000000000000000e+02
9.940000000000000000e+02
1.001000000000000000e+03
1.008000000000000000e+03
1.015000000000000000e+03
1.022000000000000000e+03
1.029000000000000000e+03
1.036000000000000000e+03
1.043000000000000000e+03
1.050000000000000000e+03
1.057000000000000000e+03
1.064000000000000000e+03
1.071000000000000000e+03
1.078000000000000000e+03
1.085000000000000000e+03
1.092000000000000000e+03
1.099000000000000000e+03
1.106000000000000000e+03
1.113000000000000000e+03
1.120000000000000000e+03
1.127000000000000000e+03
1.134000000000000000e+03
1.141000000000000000e+03
1.148000000000000000e+03
1.155000000000000000e+03
1.162000000000000000e+03
1.169000000000000000e+03
1.176000000000000000e+03
1.183000000000000000e+03
1.190000000000000000e+03
1.197000000000000000e+03
1.204000000000000000e+03
1.211000000000000000e+03
1.218000000000000000e+03
1.225000000000000000e+03
1.232000000000000000e+03
1.239000000000000000e+03
1.246000000000000000e+03
1.253000000000000000e+03
1.260000000000000000e+03
1.267000000000000000e+03
1.274000000000000000e+03
1.281000000000000000e+03
1.288000000000000000e+03
1.295000000000000000e+03
1.302000000000000000e+03
1.309000000000000000e+03
1.316000000000000000e+03
1.323000000000000000e+03
1.330000000000000000e+03
1.337000000000000000e+03
1.344000000000000000e+03
1.351000000000000000e+03
1.358000000000000000e+03
1.365000000000000000e+03
1.372000000000000000e+03
1.379000000000000000e+03
1.386000000000000000e+03
1.393000000000000000e+03
1.400000000000000000e+03
1.407000000000000000e+03
1.414000000000000000e+03
1.421000000000000000e+03
1.428000000000000000e+03
1.435000000000000000e+03
1.442000000000000000e+03
1.449000000000000000e+03
1.456000000000000000e+03
1.463000000000000000e+03
1.470000000000000000e+03
1.477000000000000000e+03
1.484000000000000000e+03
1.491000000000000000e+03
1.498000000000000000e+03
1.505000000000000000e+03
1.512000000000000000e+03
1.519000000000000000e+03
1.526000000000000000e+03
1.533000000000000000e+03
1.540000000000000000e+03
1.547000000000000000e+03
1.554000000000000000e+03
1.561000000000000000e+03
1.568000000000000000e+03
1.575000000000000000e+03
1.582000000000000000e+03
1.589000000000000000e+03
1.596000000000000000e+03
1.603000000000000000e+03
1.610000000000000000e+03
1.617000000000000000e+03
1.624000000000000000e+03
1.631000000000000000e+03
1.638000000000000000e+03
1.645000000000000000e+03
1.652000000000000000e+03
1.659000000000000000e+03
1.666000000000000000e+03
1.673000000000000000e+03
1.680000000000000000e+03
1.687000000000000000e+03
1.694000000000000000e+03
1.701000000000000000e+03
1.708000000000000000e+03
1.715000000000000000e+03
1.722000000000000000e+03
1.729000000000000000e+03
1.736000000000000000e+03
1.743000000000000000e+03
1.750000000000000000e+03
1.757000000000000000e+03
1.764000000000000000e+03
1.771000000000000000e+03
1.778000000000000000e+03
1.785000000000000000e+03
1.792000000000000000e+03
1.799000000000000000e+03
1.806000000000000000e+03
1.813000000000000000e+03
1.820000000000000000e+03
1.827000000000000000e+03
1.834000000000000000e+03
1.841000000000000000e+03
1.848000000000000000e+03
1.855000000000000000e+03
1.862000000000000000e+03
1.869000000000000000e+03
1.876000000000000000e+03
1.883000000000000000e+03
1.890000000000000000e+03
1.897000000000000000e+03
1.904000000000000000e+03
1.911000000000000000e+03
1.918000000000000000e+03
1.925000000000000000e+03
1.932000000000000000e+03
1.939000000000000000e+03
1.946000000000000000e+03
1.953000000000000000e+03
1.960000000000000000e+03
1.967000000000000000e+03
1.974000000000000000e+03
1.981000000000000000e+03
1.988000000000000000e+03
1.995000000000000000e+03
2.002000000000000000e+03
2.009000000000000000e+03
2.016000000000000000e+03
2.023000000000000000e+03
2.030000000000000000e+03
2.037000000000000000e+03
2.044000000000000000e+03
2.051000000000000000e+03
2.058000000000000000e+03
2.065000000000000000e+03
2.072000000000000000e+03
2.079000000000000000e+03
2.086000000000000000e+03
2.093000000000000000e+03
2.100000000000000000e+03
2.107000000000000000e+03
2.114000000000000000e+03
2.121000000000000000e+03
2.128000000000000000e+03
2.135000000000000000e+03
2.142000000000000000e+03
2.149000000000000000e+03
2.156000000000000000e+03
2.163000000000000000e+03
2.170000000000000000e+03
2.177000000000000000e+03
2.184000000000000000e+03
2.191000000000000000e+03
2.198000000000000000e+03
2.205000000000000000e+03
2.212000000000000000e+03
2.219000000000000000e+03
2.226000000000000000e+03
2.233000000000000000e+03
2.240000000000000000e+03
2.247000000000000000e+03
2.254000000000000000e+03
2.261000000000000000e+03
2.268000000000000000e+03
2.275000000000000000e+03
2.282000000000000000e+03
2.289000000000000000e+03
2.296000000000000000e+03
2.303000000000000000e+03
2.310000000000000000e+03
2.317000000000000000e+03
2.324000000000000000e+03
2.331000000000000000e+03
2.338000000000000000e+03
2.345000000000000000e+03
2.352000000000000000e+03
2.359000000000000000e+03
2.366000000000000000e+03
2.373000000000000000e+03
2.380000000000000000e+03
2.387000000000000000e+03
2.394000000000000000e+03
2.401000000000000000e+03
2.408000000000000000e+03
2.415000000000000000e+03
2.422000000000000000e+03
2.429000000000000000e+03
2.436000000000000000e+03
2.443000000000000000e+03
2.450000000000000000e+03
2.457000000000000000e+03
2.464000000000000000e+03
2.471000000000000000e+03
2.478000000000000000e+03
2.485000000000000000e+03
2.492000000000000000e+03
2.499000000000000000e+03
2.506000000000000000e+03
2.513000000000000000e+03
2.520000000000000000e+03
2.527000000000000000e+03
2.534000000000000000e+03
2.541000000000000000e+03
2.548000000000000000e+03
2.555000000000000000e+03
2.562000000000000000e+03
2.569000000000000000e+03
2.576000000000000000e+03
2.583000000000000000e+03
2.590000000000000000e+03
2.597000000000000000e+03
2.604000000000000000e+03
2.611000000000000000e+03
2.618000000000000000e+03
2.625000000000000000e+03
2.632000000000000000e+03
2.639000000000000000e+03
2.646000000000000000e+03
2.653000000000000000e+03
2.660000000000000000e+03
2.667000000000000000e+03
2.674000000000000000e+03
2.681000000000000000e+03
2.688000000000000000e+03
2.695000000000000000e+03
2.702000000000000000e+03
2.709000000000000000e+03
2.716000000000000000e+03
2.723000000000000000e+03
2.730000000000000000e+03
2.737000000000000000e+03
2.744000000000000000e+03
2.751000000000000000e+03
2.758000000000000000e+03
2.765000000000000000e+03
2.772000000000000000e+03
2.779000000000000000e+03
2.786000000000000000e+03
2.793000000000000000e+03
2.800000000000000000e+03
2.807000000000000000e+03
2.814000000000000000e+03
2.821000000000000000e+03
2.828000000000000000e+03
2.835000000000000000e+03
2.842000000000000000e+03
2.849000000000000000e+03
2.856000000000000000e+03
2.863000000000000000e+03
2.870000000000000000e+03
2.877000000000000000e+03
2.884000000000000000e+03
2.891000000000000000e+03
2.898000000000000000e+03
2.905000000000000000e+03
2.912000000000000000e+03
2.919000000000000000e+03
2.926000000000000000e+03
2.933000000000000000e+03
2.940000000000000000e+03
2.947000000000000000e+03
2.954000000000000000e+03
2.961000000000000000e+03
2.968000000000000000e+03
2.975000000000000000e+03
2.982000000000000000e+03
2.989000000000000000e+03
2.996000000000000000e+03
3.003000000000000000e+03
3.010000000000000000e+03
3.017000000000000000e+03
3.024000000000000000e+03
3.031000000000000000e+03
3.038000000000000000e+03
3.045000000000000000e+03
3.052000000000000000e+03
3.059000000000000000e+03
3.066000000000000000e+03
3.073000000000000000e+03
3.080000000000000000e+03
3.087000000000000000e+03
3.094000000000000000e+03
3.101000000000000000e+03
3.108000000000000000e+03
3.115000000000000000e+03
3.122000000000000000e+03
3.129000000000000000e+03
3.136000000000000000e+03
3.143000000000000000e+03
3.150000000000000000e+03
3.157000000000000000e+03
3.164000000000000000e+03
3.171000000000000000e+03
3.178000000000000000e+03
3.185000000000000000e+03
3.192000000000000000e+03
3.199000000000000000e+03
3.206000000000000000e+03
3.213000000000000000e+03
3.220000000000000000e+03
3.227000000000000000e+03
3.234000000000000000e+03
3.241000000000000000e+03
3.248000000000000000e+03
3.255000000000000000e+03
3.262000000000000000e+03
3.269000000000000000e+03
3.276000000000000000e+03
3.283000000000000000e+03
3.290000000000000000e+03
3.297000000000000000e+03
3.304000000000000000e+03
3.311000000000000000e+03
3.318000000000000000e+03
3.325000000000000000e+03
3.332000000000000000e+03
3.339000000000000000e+03
3.346000000000000000e+03
3.353000000000000000e+03
3.360000000000000000e+03
3.367000000000000000e+03
3.374000000000000000e+03
3.381000000000000000e+03
3.388000000000000000e+03
3.395000000000000000e+03
3.402000000000000000e+03
3.409000000000000000e+03
3.416000000000000000e+03
3.423000000000000000e+03
3.430000000000000000e+03
3.437000000000000000e+03
3.444000000000000000e+03
3.451000000000000000e+03
3.458000000000000000e+03
3.465000000000000000e+03
3.472000000000000000e+03
3.479000000000000000e+03
3.486000000000000000e+03
3.493000000000000000e+03
3.500000000000000000e+03
3.507000000000000000e+03
3.514000000000000000e+03
3.521000000000000000e+03
3.528000000000000000e+03
3.535000000000000000e+03
3.542000000000000000e+03
3.549000000000000000e+03
3.556000000000000000e+03
3.563000000000000000e+03
3.570000000000000000e+03
3.577000000000000000e+03
3.584000000000000000e+03
3.591000000000000000e+03
3.598000000000000000e+03
3.605000000000000000e+03
3.612000000000000000e+03
3.619000000000000000e+03
3.626000000000000000e+03
3.633000000000000000e+03
3.640000000000000000e+03
3.647000000000000000e+03
3.654000000000000000e+03
3.661000000000000000e+03
3.668000000000000000e+03
3.675000000000000000e+03
3.682000000000000000e+03
3.689000000000000000e+03
3.696000000000000000e+03
3.703000000000000000e+03
3.710000000000000000e+03
3.717000000000000000e+03
3.724000000000000000e+03
3.731000000000000000e+03
3.738000000000000000e+03
3.745000000000000000e+03
3.752000000000000000e+03
3.759000000000000000e+03
3.766000000000000000e+03
3.773000000000000000e+03
3.780000000000000000e+03
3.787000000000000000e+03
3.794000000000000000e+03
3.801000000000000000e+03
3.808000000000000000e+03
3.815000000000000000e+03
3.822000000000000000e+03
3.829000000000000000e+03
3.836000000000000000e+03
3.843000000000000000e+03
3.850000000000000000e+03
3.857000000000000000e+03
3.864000000000000000e+03
3.871000000000000000e+03
3.878000000000000000e+03
3.885000000000000000e+03
3.892000000000000000e+03
3.899000000000000000e+03
3.906000000000000000e+03
3.913000000000000000e+03
3.920000000000000000e+03
3.927000000000000000e+03
3.934000000000000000e+03
3.941000000000000000e+03
3.948000000000000000e+03
3.955000000000000000e+03
3.962000000000000000e+03
3.969000000000000000e+03
3.976000000000000000e+03
3.983000000000000000e+03
3.990000000000000000e+03
3.997000000000000000e+03
4.004000000000000000e+03
4.011000000000000000e+03
4.018000000000000000e+03
4.025000000000000000e+03
4.032000000000000000e+03
4.039000000000000000e+03
4.046000000000000000e+03
4.053000000000000000e+03
4.060000000000000000e+03
4.067000000000000000e+03
4.074000000000000000e+03
4.081000000000000000e+03
4.088000000000000000e+03
4.095000000000000000e+03
4.102000000000000000e+03
4.109000000000000000e+03
4.116000000000000000e+03
4.123000000000000000e+03
4.130000000000000000e+03
4.137000000000000000e+03
4.144000000000000000e+03
4.151000000000000000e+03
4.158000000000000000e+03
4.165000000000000000e+03
4.172000000000000000e+03
4.179000000000000000e+03
4.186000000000000000e+03
4.193000000000000000e+03
4.200000000000000000e+03
4.207000000000000000e+03
4.214000000000000000e+03
4.221000000000000000e+03
4.228000000000000000e+03
4.235000000000000000e+03
4.242000000000000000e+03
4.249000000000000000e+03
4.256000000000000000e+03
4.263000000000000000e+03
4.270000000000000000e+03
4.277000000000000000e+03
4.284000000000000000e+03
4.291000000000000000e+03
4.298000000000000000e+03
4.305000000000000000e+03
4.312000000000000000e+03
4.319000000000000000e+03
4.326000000000000000e+03
4.333000000000000000e+03
4.340000000000000000e+03
4.347000000000000000e+03
4.354000000000000000e+03
4.361000000000000000e+03
4.368000000000000000e+03
4.375000000000000000e+03
4.382000000000000000e+03
4.389000000000000000e+03
4.396000000000000000e+03
4.403000000000000000e+03
4.410000000000000000e+03
4.417000000000000000e+03
4.424000000000000000e+03
4.431000000000000000e+03
4.438000000000000000e+03
4.445000000000000000e+03
4.452000000000000000e+03
4.459000000000000000e+03
4.466000000000000000e+03
4.473000000000000000e+03
4.480000000000000000e+03
4.487000000000000000e+03
4.494000000000000000e+03
4.501000000000000000e+03
4.508000000000000000e+03
4.515000000000000000e+03
4.522000000000000000e+03
4.529000000000000000e+03
4.536000000000000000e+03
4.543000000000000000e+03
4.550000000000000000e+03
4.557000000000000000e+03
4.564000000000000000e+03
4.571000000000000000e+03
4.578000000000000000e+03
4.585000000000000000e+03
4.592000000000000000e+03
4.599000000000000000e+03
4.606000000000000000e+03
4.613000000000000000e+03
4.620000000000000000e+03
4.627000000000000000e+03
4.634000000000000000e+03
4.641000000000000000e+03
4.648000000000000000e+03
4.655000000000000000e+03
4.662000000000000000e+03
4.669000000000000000e+03
4.676000000000000000e+03
4.683000000000000000e+03
4.690000000000000000e+03
4.697000000000000000e+03
4.704000000000000000e+03
4.711000000000000000e+03
4.718000000000000000e+03
4.725000000000000000e+03
4.732000000000000000e+03
4.739000000000000000e+03
4.746000000000000000e+03
4.753000000000000000e+03
4.760000000000000000e+03
4.767000000000000000e+03
4.774000000000000000e+03
4.781000000000000000e+03
4.788000000000000000e+03
4.795000000000000000e+03
4.802000000000000000e+03
4.809000000000000000e+03
4.816000000000000000e+03
4.823000000000000000e+03
4.830000000000000000e+03
4.837000000000000000e+03
4.844000000000000000e+03
4.851000000000000000e+03
4.858000000000000000e+03
4.865000000000000000e+03
4.872000000000000000e+03
4.879000000000000000e+03
4.886000000000000000e+03
4.893000000000000000e+03
4.900000000000000000e+03
4.907000000000000000e+03
4.914000000000000000e+03
4.921000000000000000e+03
4.928000000000000000e+03
4.935000000000000000e+03
4.942000000000000000e+03
4.949000000000000000e+03
4.956000000000000000e+03
4.963000000000000000e+03
4.970000000000000000e+03
4.977000000000000000e+03
4.984000000000000000e+03
4.991000000000000000e+03
4.998000000000000000e+03
5.005000000000000000e+03
5.012000000000000000e+03
5.019000000000000000e+03
5.026000000000000000e+03
5.033000000000000000e+03
5.040000000000000000e+03
5.047000000000000000e+03
5.054000000000000000e+03
5.061000000000000000e+03
5.068000000000000000e+03
5.075000000000000000e+03
5.082000000000000000e+03
5.089000000000000000e+03
5.096000000000000000e+03
5.103000000000000000e+03
5.110000000000000000e+03
5.117000000000000000e+03
5.124000000000000000e+03
5.131000000000000000e+03
5.138000000000000000e+03
5.145000000000000000e+03
5.152000000000000000e+03
5.159000000000000000e+03
5.166000000000000000e+03
5.173000000000000000e+03
5.180000000000000000e+03
5.187000000000000000e+03
5.194000000000000000e+03
5.201000000000000000e+03
5.208000000000000000e+03
5.215000000000000000e+03
5.222000000000000000e+03
5.229000000000000000e+03
5.236000000000000000e+03
5.243000000000000000e+03
5.250000000000000000e+03
5.257000000000000000e+03
5.264000000000000000e+03
5.271000000000000000e+03
5.278000000000000000e+03
5.285000000000000000e+03
5.292000000000000000e+03
5.299000000000000000e+03
5.306000000000000000e+03
5.313000000000000000e+03
5.320000000000000000e+03
5.327000000000000000e+03
5.334000000000000000e+03
5.341000000000000000e+03
5.348000000000000000e+03
5.355000000000000000e+03
5.362000000000000000e+03
5.369000000000000000e+03
5.376000000000000000e+03
5.383000000000000000e+03
5.390000000000000000e+03
5.397000000000000000e+03
5.404000000000000000e+03
5.411000000000000000e+03
5.418000000000000000e+03
5.425000000000000000e+03
5.432000000000000000e+03
5.439000000000000000e+03
5.446000000000000000e+03
5.453000000000000000e+03
5.460000000000000000e+03
5.467000000000000000e+03
5.474000000000000000e+03
5.481000000000000000e+03
5.488000000000000000e+03
5.495000000000000000e+03
5.502000000000000000e+03
5.509000000000000000e+03
5.516000000000000000e+03
5.523000000000000000e+03
5.530000000000000000e+03
5.537000000000000000e+03
5.544000000000000000e+03
5.551000000000000000e+03
5.558000000000000000e+03
5.565000000000000000e+03
5.572000000000000000e+03
5.579000000000000000e+03
5.586000000000000000e+03
5.593000000000000000e+03
5.600000000000000000e+03
5.607000000000000000e+03
5.614000000000000000e+03
5.621000000000000000e+03
5.628000000000000000e+03
5.635000000000000000e+03
5.642000000000000000e+03
5.649000000000000000e+03
5.656000000000000000e+03
5.663000000000000000e+03
5.670000000000000000e+03
5.677000000000000000e+03
5.684000000000000000e+03
5.691000000000000000e+03
5.698000000000000000e+03
5.705000000000000000e+03
5.712000000000000000e+03
5.719000000000000000e+03
5.726000000000000000e+03
5.733000000000000000e+03
5.740000000000000000e+03
5.747000000000000000e+03
5.754000000000000000e+03
5.761000000000000000e+03
5.768000000000000000e+03
5.775000000000000000e+03
5.782000000000000000e+03
5.789000000000000000e+03
5.796000000000000000e+03
5.803000000000000000e+03
5.810000000000000000e+03
5.817000000000000000e+03
5.824000000000000000e+03
5.831000000000000000e+03
5.838000000000000000e+03
5.845000000000000000e+03
5.852000000000000000e+03
5.859000000000000000e+03
5.866000000000000000e+03
5.873000000000000000e+03
5.880000000000000000e+03
5.887000000000000000e+03
5.894000000000000000e+03
5.901000000000000000e+03
5.908000000000000000e+03
5.915000000000000000e+03
5.922000000000000000e+03
5.929000000000000000e+03
5.936000000000000000e+03
5.943000000000000000e+03
5.950000000000000000e+03
5.957000000000000000e+03
5.964000000000000000e+03
5.971000000000000000e+03
5.978000000000000000e+03
5.985000000000000000e+03
5.992000000000000000e+03
5.999000000000000000e+03
6.006000000000000000e+03
6.013000000000000000e+03
6.020000000000000000e+03
6.027000000000000000e+03
6.034000000000000000e+03
6.041000000000000000e+03
6.048000000000000000e+03
6.055000000000000000e+03
6.062000000000000000e+03
6.069000000000000000e+03
6.076000000000000000e+03
6.083000000000000000e+03
6.090000000000000000e+03
6.097000000000000000e+03
6.104000000000000000e+03
6.111000000000000000e+03
6.118000000000000000e+03
6.125000000000000000e+03
6.132000000000000000e+03
6.139000000000000000e+03
6.146000000000000000e+03
6.153000000000000000e+03
6.160000000000000000e+03
6.167000000000000000e+03
6.174000000000000000e+03
6.181000000000000000e+03
6.188000000000000000e+03
6.195000000000000000e+03
6.202000000000000000e+03
6.209000000000000000e+03
6.216000000000000000e+03
6.223000000000000000e+03
6.230000000000000000e+03
6.237000000000000000e+03
6.244000000000000000e+03
6.251000000000000000e+03
6.258000000000000000e+03
6.265000000000000000e+03
6.272000000000000000e+03
6.279000000000000000e+03
6.286000000000000000e+03
6.293000000000000000e+03
6.300000000000000000e+03
6.307000000000000000e+03
6.314000000000000000e+03
6.321000000000000000e+03
6.328000000000000000e+03
6.335000000000000000e+03
6.342000000000000000e+03
6.349000000000000000e+03
6.356000000000000000e+03
6.363000000000000000e+03
6.370000000000000000e+03
6.377000000000000000e+03
6.384000000000000000e+03
6.391000000000000000e+03
6.398000000000000000e+03
6.405000000000000000e+03
6.412000000000000000e+03
6.419000000000000000e+03
6.426000000000000000e+03
6.433000000000000000e+03
6.440000000000000000e+03
6.447000000000000000e+03
6.454000000000000000e+03
6.461000000000000000e+03
6.468000000000000000e+03
6.475000000000000000e+03
6.482000000000000000e+03
6.489000000000000000e+03
6.496000000000000000e+03
6.503000000000000000e+03
6.510000000000000000e+03
6.517000000000000000e+03
6.524000000000000000e+03
6.531000000000000000e+03
6.538000000000000000e+03
6.545000000000000000e+03
6.552000000000000000e+03
6.559000000000000000e+03
6.566000000000000000e+03
6.573000000000000000e+03
6.580000000000000000e+03
6.587000000000000000e+03
6.594000000000000000e+03
6.601000000000000000e+03
6.608000000000000000e+03
6.615000000000000000e+03
6.622000000000000000e+03
6.629000000000000000e+03
6.636000000000000000e+03
6.643000000000000000e+03
6.650000000000000000e+03
6.657000000000000000e+03
6.664000000000000000e+03
6.671000000000000000e+03
6.678000000000000000e+03
6.685000000000000000e+03
6.692000000000000000e+03
6.699000000000000000e+03
6.706000000000000000e+03
6.713000000000000000e+03
6.720000000000000000e+03
6.727000000000000000e+03
6.734000000000000000e+03
6.741000000000000000e+03
6.748000000000000000e+03
6.755000000000000000e+03
6.762000000000000000e+03
6.769000000000000000e+03
6.776000000000000000e+03
6.783000000000000000e+03
6.790000000000000000e+03
6.797000000000000000e+03
6.804000000000000000e+03
6.811000000000000000e+03
6.818000000000000000e+03
6.825000000000000000e+03
6.832000000000000000e+03
6.839000000000000000e+03
6.846000000000000000e+03
6.853000000000000000e+03
6.860000000000000000e+03
6.867000000000000000e+03
6.874000000000000000e+03
6.881000000000000000e+03
6.888000000000000000e+03
6.895000000000000000e+03
6.902000000000000000e+03
6.909000000000000000e+03
6.916000000000000000e+03
6.923000000000000000e+03
6.930000000000000000e+03
6.937000000000000000e+03
6.944000000000000000e+03
6.951000000000000000e+03
6.958000000000000000e+03
6.965000000000000000e+03
6.972000000000000000e+03
6.979000000000000000e+03
6.986000000000000000e+03
6.993000000000000000e+03
7.000000000000000000e+03
